time,gender,sexuallity,age,income,race,bodyweight,virgin,prostitution_legal,pay_for_sex,friends,social_fear,depressed,what_help_from_others,attempt_suicide,employment,job_title,edu_level,improve_yourself_how
5/17/2016 20:04:18,Male,Straight,35,"$30,000 to $39,999",White non-Hispanic,Normal weight,Yes,No,No,0,Yes,Yes,"wingman/wingwoman, Set me up with a date",Yes,Employed for wages,mechanical drafter,Associate degree,None
5/17/2016 20:04:30,Male,Bisexual,21,"$1 to $10,000",White non-Hispanic,Underweight,Yes,No,No,0,Yes,Yes,"wingman/wingwoman, Set me up with a date, date coaching",No,Out of work and looking for work,-,"Some college, no degree",join clubs/socual clubs/meet ups
5/17/2016 20:04:58,Male,Straight,22,$0,White non-Hispanic,Overweight,Yes,No,No,10,Yes,Yes,I don't want help,No,Out of work but not currently looking for work,unemployed,"Some college, no degree",Other exercise
5/17/2016 20:08:01,Male,Straight,19,"$1 to $10,000",White non-Hispanic,Overweight,Yes,Yes,No,8,Yes,Yes,date coaching,No,A student,student,"Some college, no degree",Joined a gym/go to the gym
5/17/2016 20:08:04,Male,Straight,23,"$30,000 to $39,999",White non-Hispanic,Overweight,No,No,Yes and I have,10,No,Yes,I don't want help,No,Employed for wages,Factory worker,"High school graduate, diploma or the equivalent (for example: GED)",None
5/17/2016 20:09:09,Male,Straight,24,"$50,000 to $74,999",White non-Hispanic,Normal weight,Yes,No,Yes but I haven't,2,Yes,Yes,date coaching,Yes,Employed for wages,game programmer,Bachelor’s degree,"Joined a gym/go to the gym, join clubs/socual clubs/meet ups"
5/17/2016 20:10:56,Male,Straight,22,"$1 to $10,000",White non-Hispanic,Underweight,Yes,No,No,2,Yes,Yes,"Set me up with a date, date coaching",No,Employed for wages,Janitor,"High school graduate, diploma or the equivalent (for example: GED)",None
5/17/2016 20:11:13,Female,Gay/Lesbian,24,"$20,000 to $29,999",White non-Hispanic,Normal weight,Yes,No,No,10,Yes,Yes,"wingman/wingwoman, date coaching",Yes,Employed for wages,Fabricator,Trade/technical/vocational training,"Therapy, join clubs/socual clubs/meet ups, None, Volunteering, social activism, traveling"
5/17/2016 20:11:52,Male,Straight,20,"$10,000 to $19,999",White non-Hispanic,Overweight,Yes,No,Yes but I haven't,0,Yes,Yes,Set me up with a date,No,Employed for wages,cashier,"Some college, no degree","Joined a gym/go to the gym, Therapy"
5/17/2016 20:13:37,Male,Straight,33,"$50,000 to $74,999",White non-Hispanic,Overweight,No,No,Yes but I haven't,6,Yes,Yes,Set me up with a date,Yes,Employed for wages,Software Engineer ,Master’s degree,Therapy
5/17/2016 20:17:40,Female,Straight,32,"$50,000 to $74,999",Hispanic (of any race),Overweight,Yes,No,No,5,No,No,date coaching,No,Employed for wages,Nurse,Bachelor’s degree,"Other exercise, join clubs/socual clubs/meet ups"
5/17/2016 20:18:37,Male,Straight,25,"$1 to $10,000",Asian,Normal weight,Yes,No,No,0,Yes,Yes,"wingman/wingwoman, Set me up with a date",Yes,Employed for wages,Freight associate,"Some college, no degree","Joined a gym/go to the gym, Other exercise"
5/17/2016 20:26:57,Male,Straight,24,"$1 to $10,000",White non-Hispanic,Normal weight,No,No,Yes but I haven't,20,No,No,"wingman/wingwoman, Set me up with a date",No,A student,Student,"Some college, no degree","Joined a gym/go to the gym, Therapy, join clubs/socual clubs/meet ups"
5/17/2016 20:30:21,Female,Straight,23,$0,White non-Hispanic,Normal weight,Yes,No,Yes but I haven't,1,Yes,Yes,I don't want help,Yes,Unable to work,NEET,"High school graduate, diploma or the equivalent (for example: GED)",None
5/17/2016 20:30:26,Male,Straight,22,"$30,000 to $39,999",Hispanic (of any race),Normal weight,Yes,No,Yes but I haven't,0,No,Yes,"wingman/wingwoman, Set me up with a date, date coaching, someone to kill.me",No,Employed for wages,broker,Bachelor’s degree,"Cosmetic survey, Joined a gym/go to the gym, Therapy, join clubs/socual clubs/meet ups"
5/17/2016 20:30:49,Male,Straight,23,$0,White non-Hispanic,Underweight,Yes,Yes,No,6,No,Yes,"Set me up with a date, date coaching",No,A student,Student,"High school graduate, diploma or the equivalent (for example: GED)","Therapy, Other exercise, join clubs/socual clubs/meet ups"
5/17/2016 20:32:26,Female,Straight,29,"$1 to $10,000",white and asian,Normal weight,Yes,No,Yes but I haven't,5,Yes,Yes,"wingman/wingwoman, someone to hang out with me where I can meet met (e.g. class, free event) and sell me up",No,Out of work and looking for work,Intern,Bachelor’s degree,"Cosmetic survey, Therapy, Other exercise, forced myself to free events or events w/acquintances advertised in fb; been part of a blog for five years and met some members in person"
5/17/2016 20:34:35,Male,Straight,21,"$1 to $10,000",Asian,Normal weight,No,No,No,12,No,No,I don't want help,No,A student,Student,Bachelor’s degree,"Joined a gym/go to the gym, join clubs/socual clubs/meet ups"
5/17/2016 20:39:14,Male,Straight,17,"$1 to $10,000",White non-Hispanic,Overweight,Yes,Yes,No,5,Yes,Yes,I don't want help,Yes,A student,Student,"Some high school, no diploma","Joined a gym/go to the gym, Other exercise"
5/17/2016 20:40:22,Male,Straight,29,"$75,000 to $99,999",caucasian,Normal weight,Yes,No,Yes but I haven't,1,Yes,Yes,Set me up with a date,No,Employed for wages,Surveyor,"High school graduate, diploma or the equivalent (for example: GED)",Other exercise
5/17/2016 20:41:29,Male,Straight,32,"$10,000 to $19,999",White non-Hispanic,Normal weight,Yes,Yes,No,10,Yes,Yes,"Set me up with a date, date coaching",No,Employed for wages,Part time computer Tutor,Bachelor’s degree,"Joined a gym/go to the gym, Therapy"
5/17/2016 20:42:09,Female,Straight,20,"$1 to $10,000",White non-Hispanic,Normal weight,Yes,No,No,8,Yes,Yes,I don't want help,No,A student,Student,"Some college, no degree",join clubs/socual clubs/meet ups
5/17/2016 20:42:10,Male,Straight,24,$0,Hispanic (of any race),Normal weight,Yes,No,No,40,Yes,Yes,Set me up with a date,No,A student,student,"Some high school, no diploma","Joined a gym/go to the gym, Other exercise"
5/17/2016 20:44:36,Male,Straight,20,"$1 to $10,000",White non-Hispanic,Normal weight,Yes,No,No,10,No,No,I don't want help,No,A student,Kitchen staff,Bachelor’s degree,None
5/17/2016 20:46:31,Male,Straight,21,"$20,000 to $29,999",White non-Hispanic,Normal weight,Yes,No,No,5,Yes,Yes,I don't want help,No,Employed for wages,Software Developer,"High school graduate, diploma or the equivalent (for example: GED)",Joined a gym/go to the gym
5/17/2016 20:48:14,Female,Straight,17,$0,White non-Hispanic,Underweight,Yes,No,No,5,Yes,No,"wingman/wingwoman, Set me up with a date, I don't want help",No,A student,Student,"Some high school, no diploma","Joined a gym/go to the gym, None"
5/17/2016 20:48:28,Male,Straight,24,"$20,000 to $29,999",White non-Hispanic,Normal weight,No,Yes,No,3,No,No,I don't want help,No,Employed for wages,Guy,Trade/technical/vocational training,Joined a gym/go to the gym
5/17/2016 20:59:07,Male,Straight,17,$0,White non-Hispanic,Normal weight,Yes,No,No,5,Yes,Yes,wingman/wingwoman,No,A student,none (?),"Some high school, no diploma",None
5/17/2016 21:00:47,Female,Straight,28,$0,Asian,Normal weight,Yes,Yes,No,1,Yes,Yes,I don't want help,No,A student,student,Bachelor’s degree,None
5/17/2016 21:01:09,Male,Straight,19,"$1 to $10,000",White non-Hispanic,Underweight,Yes,No,No,0,Yes,No,I don't want help,No,A student,Peon,"Some college, no degree","Therapy, Other exercise"
5/17/2016 21:08:26,Male,Straight,17,$0,Asian,Underweight,Yes,Yes,No,5,Yes,No,"wingman/wingwoman, Set me up with a date",No,A student,,"Some high school, no diploma",None
5/17/2016 21:15:34,Male,Straight,25,"$1 to $10,000",White non-Hispanic,Underweight,Yes,Yes,No,6,Yes,Yes,I don't want help,No,A student,Student,Bachelor’s degree,Joined a gym/go to the gym
5/17/2016 21:16:35,Male,Straight,17,$0,White non-Hispanic,Underweight,Yes,No,Yes but I haven't,5,Yes,Yes,"wingman/wingwoman, date coaching",No,A student,Student,"High school graduate, diploma or the equivalent (for example: GED)",Therapy
5/17/2016 21:25:17,Male,Straight,23,"$10,000 to $19,999",White non-Hispanic,Normal weight,No,No,Yes but I haven't,13,No,Yes,wingman/wingwoman,No,Employed for wages,Chef,"High school graduate, diploma or the equivalent (for example: GED)","Joined a gym/go to the gym, Other exercise"
5/17/2016 21:34:10,Male,Straight,26,"$20,000 to $29,999",White non-Hispanic,Overweight,Yes,No,No,6,No,No,"wingman/wingwoman, Set me up with a date, date coaching",No,Employed for wages,Butcher,"High school graduate, diploma or the equivalent (for example: GED)","Other exercise, join clubs/socual clubs/meet ups"
5/17/2016 21:38:39,Male,Straight,26,$0,White non-Hispanic,Normal weight,No,No,No,3,Yes,No,I don't want help,No,A student,"Medical student, year 4",Doctorate degree,None
5/17/2016 21:39:26,Male,Straight,23,"$75,000 to $99,999",White non-Hispanic,Normal weight,No,No,Yes but I haven't,15,Yes,Yes,"wingman/wingwoman, Set me up with a date, date coaching",No,Employed for wages,Software full stack developer,Bachelor’s degree,"Therapy, Other exercise"
5/17/2016 21:45:04,Male,Straight,25,"$30,000 to $39,999",Asian,Overweight,Yes,Yes,Yes but I haven't,8,Yes,Yes,I don't want help,No,A student,Junior BA,Bachelor’s degree,Joined a gym/go to the gym
5/17/2016 21:45:35,Male,Straight,18,$0,White non-Hispanic,Normal weight,Yes,No,No,17,No,Yes,wingman/wingwoman,No,A student,Cinema Student,"Some college, no degree","Other exercise, join clubs/socual clubs/meet ups"
5/17/2016 21:55:53,Male,Straight,19,$0,White non-Hispanic,Normal weight,No,No,No,40,No,No,I don't want help,No,A student,Engineer,Professional degree,None
5/17/2016 21:57:20,Male,Straight,19,"$1 to $10,000",Asian,Normal weight,Yes,No,No,15,No,No,date coaching,No,A student,student,Bachelor’s degree,"Joined a gym/go to the gym, Other exercise, join clubs/socual clubs/meet ups"
5/17/2016 22:01:48,Female,Straight,55,"$20,000 to $29,999",White non-Hispanic,Overweight,No,No,No,0,No,No,I don't want help,No,Employed for wages,Iternent peagogue,Bachelor’s degree,join clubs/socual clubs/meet ups
5/17/2016 22:12:58,Male,Straight,35,"$75,000 to $99,999",White non-Hispanic,Normal weight,No,No,Yes but I haven't,5,No,Yes,"wingman/wingwoman, Set me up with a date",No,Employed for wages,Software developer,Bachelor’s degree,join clubs/socual clubs/meet ups
5/17/2016 22:14:11,Male,Straight,24,$0,White non-Hispanic,Overweight,Yes,No,Yes but I haven't,2,No,Yes,"wingman/wingwoman, Set me up with a date, date coaching, anything",Yes,Out of work and looking for work,Admin Assistant,"High school graduate, diploma or the equivalent (for example: GED)","Therapy, Other exercise, join clubs/socual clubs/meet ups"
5/17/2016 22:15:22,Male,Straight,22,"$10,000 to $19,999",Black,Normal weight,Yes,No,No,0,Yes,No,Set me up with a date,No,Employed for wages,Cook,"High school graduate, diploma or the equivalent (for example: GED)",None
5/17/2016 22:19:27,Female,Straight,23,"$20,000 to $29,999",White non-Hispanic,Normal weight,Yes,No,No,1,Yes,Yes,"Set me up with a date, Friends ",No,A student,Grad student ,Master’s degree,"Cosmetic survey, Joined a gym/go to the gym, Therapy, Other exercise, join clubs/socual clubs/meet ups"
5/17/2016 22:20:28,Male,Straight,20,"$20,000 to $29,999",White non-Hispanic,Normal weight,Yes,No,No,5,No,No,I don't want help,No,Military,Aviation Electricians Mate,"Some college, no degree","Joined a gym/go to the gym, Other exercise"
5/17/2016 22:23:12,Male,Straight,25,$0,White non-Hispanic,Underweight,Yes,No,No,0,Yes,Yes,"wingman/wingwoman, Set me up with a date, date coaching",No,A student,student,"Some college, no degree","Joined a gym/go to the gym, Therapy, Other exercise, join clubs/socual clubs/meet ups"
5/17/2016 22:25:40,Male,Bisexual,18,$0,White non-Hispanic,Normal weight,Yes,No,Yes but I haven't,10,Yes,Yes,"wingman/wingwoman, Set me up with a date",No,A student,Student,"High school graduate, diploma or the equivalent (for example: GED)",Joined a gym/go to the gym
5/17/2016 22:29:37,Male,Straight,29,"$150,000 or more",White non-Hispanic,Overweight,Yes,No,Yes but I haven't,3,Yes,Yes,I don't want help,No,Employed for wages,Software Engineer,Bachelor’s degree,Other exercise
5/17/2016 22:33:23,Male,Bisexual,24,"$1 to $10,000",White non-Hispanic,Normal weight,Yes,Yes,No,1,Yes,Yes,I don't want help,Yes,Out of work but not currently looking for work,Professional NEET,"Some college, no degree","Therapy, Other exercise"
5/17/2016 22:33:51,Female,Bisexual,23,"$1 to $10,000",White non-Hispanic,Normal weight,No,No,No,4,Yes,No,Set me up with a date,No,Employed for wages,Cashier,"Some college, no degree",Joined a gym/go to the gym
5/17/2016 22:38:33,Male,Straight,22,"$30,000 to $39,999",White non-Hispanic,Normal weight,Yes,No,No,3,Yes,Yes,"wingman/wingwoman, Set me up with a date, date coaching",No,Employed for wages,service desk analyst,"Some college, no degree",Joined a gym/go to the gym
5/17/2016 22:42:00,Male,Straight,25,"$10,000 to $19,999",White non-Hispanic,Normal weight,Yes,No,Yes but I haven't,6,No,Yes,"wingman/wingwoman, Set me up with a date",No,A student,researcher,Master’s degree,"Joined a gym/go to the gym, Other exercise, join clubs/socual clubs/meet ups"
5/17/2016 22:43:42,Male,Straight,18,$0,Black,Overweight,Yes,Yes,Yes but I haven't,0,Yes,No,I don't want help,No,A student,,"High school graduate, diploma or the equivalent (for example: GED)",None
5/17/2016 22:44:08,Male,Straight,19,$0,White non-Hispanic,Underweight,Yes,No,Yes but I haven't,10,Yes,No,date coaching,No,Out of work but not currently looking for work,,"Some college, no degree","Other exercise, join clubs/socual clubs/meet ups"
5/17/2016 22:46:53,Male,Straight,33,"$10,000 to $19,999",Hispanic (of any race),Underweight,No,No,Yes but I haven't,7,Yes,Yes,wingman/wingwoman,No,Employed for wages,loser,"High school graduate, diploma or the equivalent (for example: GED)","Cosmetic survey, Joined a gym/go to the gym, Therapy, Other exercise"
5/17/2016 22:49:46,Male,Straight,23,"$20,000 to $29,999",White non-Hispanic,Overweight,Yes,No,No,1,Yes,Yes,"Set me up with a date, date coaching",No,Employed for wages,store clerk,Bachelor’s degree,join clubs/socual clubs/meet ups
5/17/2016 22:51:33,Female,Straight,21,$0,White non-Hispanic,Normal weight,Yes,No,No,0,Yes,Yes,I don't want help,No,Out of work but not currently looking for work,NEET,"Some college, no degree","None, started taking some medication"
5/17/2016 22:52:38,Male,Straight,22,"$1 to $10,000",Hispanic (of any race),Normal weight,Yes,Yes,No,1,Yes,Yes,I don't want help,No,Employed for wages,Intern,Bachelor’s degree,None
5/17/2016 22:55:50,Male,Straight,24,"$20,000 to $29,999",White non-Hispanic,Overweight,Yes,No,No,20,No,Yes,Set me up with a date,No,Employed for wages,Management ,Bachelor’s degree,"Joined a gym/go to the gym, Other exercise"
5/17/2016 22:56:02,Transgender male,Straight,21,"$1 to $10,000",White non-Hispanic,Normal weight,Yes,Yes,No,4,Yes,No,wingman/wingwoman,No,Employed for wages,Engineering co-op student,"Some college, no degree","Joined a gym/go to the gym, Other exercise, join clubs/socual clubs/meet ups"
5/17/2016 23:00:07,Male,Gay/Lesbian,25,"$20,000 to $29,999",White non-Hispanic,Normal weight,Yes,No,No,0,No,Yes,Set me up with a date,No,Employed for wages,Supervisor,Bachelor’s degree,Joined a gym/go to the gym
5/17/2016 23:08:07,Male,Straight,20,"$1 to $10,000",White non-Hispanic,Normal weight,Yes,Yes,Yes but I haven't,1,No,Yes,"wingman/wingwoman, Set me up with a date, I don't even know..",No,A student,Student,"High school graduate, diploma or the equivalent (for example: GED)","Joined a gym/go to the gym, Therapy, Clubbing, living in a student house (at dorms)"
5/17/2016 23:09:12,Male,Straight,16,"$1 to $10,000",White non-Hispanic,Underweight,Yes,No,Yes but I haven't,8,Yes,Yes,"wingman/wingwoman, Set me up with a date, date coaching",Yes,A student,Student,"Some high school, no diploma","Joined a gym/go to the gym, Therapy"
5/17/2016 23:09:32,Male,Straight,22,"$10,000 to $19,999",Middle Eastern,Normal weight,No,No,No,6,Yes,Yes,Set me up with a date,No,Employed for wages,IT,"Some college, no degree","Joined a gym/go to the gym, join clubs/socual clubs/meet ups"
5/17/2016 23:12:04,Male,Straight,20,$0,White non-Hispanic,Overweight,Yes,No,No,4,No,No,I don't want help,No,A student,Software development ,"Some college, no degree",None
5/17/2016 23:13:32,Male,Straight,28,"$1 to $10,000",White non-Hispanic,Underweight,Yes,No,Yes but I haven't,0,Yes,Yes,I don't want help,No,Out of work but not currently looking for work,bum,"High school graduate, diploma or the equivalent (for example: GED)",None
5/17/2016 23:13:58,Male,Straight,21,$0,White non-Hispanic,Normal weight,Yes,No,No,0,Yes,Yes,"wingman/wingwoman, Set me up with a date, I don't want help",No,A student,None,"Some college, no degree",Talking to people
5/17/2016 23:15:14,Male,Straight,24,"$20,000 to $29,999",Asian,Overweight,Yes,No,No,8,No,Yes,"wingman/wingwoman, Set me up with a date, date coaching",No,A student,Grad Student,Master’s degree,"Other exercise, join clubs/socual clubs/meet ups"
5/17/2016 23:16:50,Male,Straight,38,"$1 to $10,000",White non-Hispanic,Overweight,No,No,No,0,Yes,Yes,I don't want help,Yes,Unable to work,Unemployed,"High school graduate, diploma or the equivalent (for example: GED)","Joined a gym/go to the gym, Therapy, Other exercise, join clubs/socual clubs/meet ups"
5/17/2016 23:16:59,Male,Straight,24,"$10,000 to $19,999",half Arab,Overweight,Yes,Yes,No,4,No,Yes,Trust,No,Employed for wages,IT Technician,"High school graduate, diploma or the equivalent (for example: GED)","Joined a gym/go to the gym, join clubs/socual clubs/meet ups, Partying"
5/17/2016 23:19:44,Female,Straight,26,$0,White non-Hispanic,Underweight,Yes,No,No,5,Yes,Yes,Set me up with a date,No,A student,.,Bachelor’s degree,"Other exercise, join clubs/socual clubs/meet ups"
5/17/2016 23:22:00,Male,Straight,25,"$50,000 to $74,999",White non-Hispanic,Normal weight,Yes,No,Yes but I haven't,0,Yes,No,"wingman/wingwoman, Set me up with a date",No,Employed for wages,Engineer,Bachelor’s degree,None
5/17/2016 23:22:46,Male,Straight,45,"$20,000 to $29,999",White non-Hispanic,Normal weight,No,No,No,0,Yes,Yes,I don't want help,Yes,Employed for wages,laborer,"Some college, no degree","Therapy, Other exercise"
5/17/2016 23:24:12,Male,Straight,28,"$50,000 to $74,999",White non-Hispanic,Normal weight,Yes,No,No,12,Yes,Yes,"wingman/wingwoman, Set me up with a date, date coaching",Yes,Employed for wages,Software Engineer,Bachelor’s degree,"Joined a gym/go to the gym, Other exercise, join clubs/socual clubs/meet ups"
5/17/2016 23:28:48,Male,Straight,21,$0,Hispanic (of any race),Normal weight,Yes,No,No,0,Yes,No,"wingman/wingwoman, Set me up with a date, date coaching",No,A student,Student ,"Some college, no degree",None
5/17/2016 23:29:37,Male,Straight,25,"$30,000 to $39,999",Asian,Normal weight,Yes,No,No,2,Yes,Yes,"date coaching, I don't want help",No,Employed for wages,Product Designer,Master’s degree,Other exercise
5/17/2016 23:29:47,Male,Straight,24,"$10,000 to $19,999",White non-Hispanic,Normal weight,No,No,No,5,No,No,I don't want help,No,Employed for wages,Data entry,Bachelor’s degree,join clubs/socual clubs/meet ups
5/17/2016 23:33:57,Male,Straight,19,"$1 to $10,000",White non-Hispanic,Normal weight,Yes,No,Yes but I haven't,2,Yes,Yes,Set me up with a date,No,A student,Student,"Some college, no degree","join clubs/socual clubs/meet ups, Practice various skills, such as writing and piano."
5/17/2016 23:34:25,Male,Straight,29,"$125,000 to $149,999",Black,Overweight,Yes,No,Yes but I haven't,6,Yes,No,I want help but I am not sure what kind. I always think it would be nice if a woman would approch me but thats not realistic.,Yes,Self-employed,Engineer,"Some college, no degree","Joined a gym/go to the gym, Therapy, Other exercise, join clubs/socual clubs/meet ups"
5/17/2016 23:34:44,Male,Straight,25,"$30,000 to $39,999",White non-Hispanic,Normal weight,No,No,No,4,Yes,No,I don't want help,No,Employed for wages,Sales,Bachelor’s degree,"Joined a gym/go to the gym, Other exercise"
5/17/2016 23:48:02,Male,Straight,20,"$1 to $10,000",White non-Hispanic,Normal weight,Yes,No,No,10,No,No,I don't want help,No,A student,.,Bachelor’s degree,None
5/17/2016 23:50:25,Male,Straight,23,"$1 to $10,000",White non-Hispanic,Normal weight,Yes,No,No,0,Yes,No,I don't want help,No,Out of work but not currently looking for work,.,"High school graduate, diploma or the equivalent (for example: GED)",Other exercise
5/17/2016 23:55:09,Male,Straight,30,$0,Hispanic (of any race),Underweight,No,No,Yes but I haven't,1,Yes,No,fitness coaching,No,Out of work but not currently looking for work,systems analyst,"Some college, no degree",Therapy
5/17/2016 23:58:39,Male,Straight,15,$0,White non-Hispanic,Normal weight,Yes,No,No,9,No,No,I don't want help,No,Employed for wages,freshman,"Some high school, no diploma",None
5/17/2016 23:59:22,Female,Straight,28,"$20,000 to $29,999",Black,Obese,Yes,Yes,No,0,Yes,No,"Set me up with a date, date coaching",No,A student,Coder,Associate degree,"Joined a gym/go to the gym, Therapy, Other exercise, join clubs/socual clubs/meet ups"
5/18/2016 0:02:54,Male,Straight,18,"$1 to $10,000",White non-Hispanic,Overweight,Yes,No,Yes but I haven't,5,Yes,Yes,Set me up with a date,No,A student,Undergraduate.,"Some college, no degree",None
5/18/2016 0:03:12,Male,Straight,25,"$30,000 to $39,999",White non-Hispanic,Normal weight,Yes,No,Yes but I haven't,30,No,Yes,"wingman/wingwoman, Set me up with a date, date coaching",No,A student,Medical Services,Trade/technical/vocational training,"Joined a gym/go to the gym, Other exercise"
5/18/2016 0:05:28,Male,Straight,29,"$20,000 to $29,999",Hispanic (of any race),Normal weight,Yes,No,No,4,No,Yes,I don't want help,No,Out of work and looking for work,Delivery guy,"Some college, no degree","Joined a gym/go to the gym, Therapy"
5/18/2016 0:07:31,Male,Straight,30,"$30,000 to $39,999",Hispanic (of any race),Overweight,Yes,No,No,5,No,Yes,Set me up with a date,No,Employed for wages,IT operations ,Bachelor’s degree,None
5/18/2016 0:10:56,Male,Straight,24,"$10,000 to $19,999",White non-Hispanic,Normal weight,Yes,No,Yes but I haven't,3,Yes,Yes,"wingman/wingwoman, Set me up with a date, Pity fuck",No,Employed for wages,Engineer,Bachelor’s degree,"Other exercise, join clubs/socual clubs/meet ups, Change my lifestyle, eat healthy, etc"
5/18/2016 0:11:13,Male,Straight,23,"$30,000 to $39,999",White non-Hispanic,Overweight,Yes,No,No,100,No,Yes,"wingman/wingwoman, Set me up with a date",No,Employed for wages,Intermediate Call Center Representative,Bachelor’s degree,"Other exercise, join clubs/socual clubs/meet ups"
5/18/2016 0:14:54,Male,Straight,34,"$20,000 to $29,999",White non-Hispanic,Obese,Yes,No,Yes but I haven't,0,Yes,Yes,I don't want help,No,Unable to work,Unemployed,"High school graduate, diploma or the equivalent (for example: GED)","Therapy, Other exercise"
5/18/2016 0:15:10,Male,Straight,23,$0,White non-Hispanic,Overweight,Yes,No,No,0,Yes,Yes,I don't want help,No,Out of work but not currently looking for work,.,Bachelor’s degree,None
5/18/2016 0:22:00,Male,Straight,22,"$20,000 to $29,999",White non-Hispanic,Normal weight,No,No,No,3,Yes,Yes,"wingman/wingwoman, Set me up with a date, date coaching",No,Employed for wages,Call Center Agent,"Some college, no degree",Other exercise
5/18/2016 0:23:17,Male,Straight,23,"$1 to $10,000",Hispanic (of any race),Normal weight,No,Yes,Yes and I have,20,Yes,No,"wingman/wingwoman, Set me up with a date, date coaching",Yes,A student,Economist,Bachelor’s degree,Other exercise
5/18/2016 0:26:34,Male,Straight,30,"$20,000 to $29,999",White non-Hispanic,Normal weight,Yes,No,No,10,Yes,Yes,date coaching,No,Employed for wages,Farm hand,"High school graduate, diploma or the equivalent (for example: GED)","Other exercise, join clubs/socual clubs/meet ups"
5/18/2016 0:28:30,Male,Bisexual,19,$0,White non-Hispanic,Overweight,Yes,No,No,0,Yes,Yes,Set me up with a date,No,A student,I have no job,"Some college, no degree",None
5/18/2016 0:35:13,Male,Straight,19,"$1 to $10,000",White non-Hispanic,Normal weight,Yes,No,No,6,Yes,Yes,Set me up with a date,Yes,A student,Undergraduate,"Some college, no degree","Therapy, Other exercise, join clubs/socual clubs/meet ups"
5/18/2016 0:36:07,Male,Straight,21,"$1 to $10,000",White non-Hispanic,Normal weight,No,Yes,No,6,No,No,wingman/wingwoman,No,A student,Student,"High school graduate, diploma or the equivalent (for example: GED)","Cosmetic survey, Joined a gym/go to the gym, Therapy"
5/18/2016 0:40:40,Male,Straight,16,$0,Hispanic (of any race),Overweight,Yes,No,No,0,Yes,Yes,I don't want help,Yes,A student,Loser,"Some high school, no diploma",Joined a gym/go to the gym
5/18/2016 0:40:52,Female,Straight,25,$0,White non-Hispanic,Normal weight,No,No,No,2,No,No,I don't want help,Yes,Unable to work,na,"Some college, no degree",None
5/18/2016 0:41:52,Male,Straight,19,$0,White non-Hispanic,Overweight,Yes,No,No,6,Yes,Yes,I don't want help,No,Unable to work,none,"High school graduate, diploma or the equivalent (for example: GED)",Therapy
5/18/2016 0:44:01,Female,Bisexual,26,"$50,000 to $74,999",Hispanic (of any race),Normal weight,No,No,No,2,Yes,Yes,Maybe to learn how to be happy,Yes,A student,Optometric tech,Master’s degree,Joined a gym/go to the gym
5/18/2016 0:45:43,Male,Straight,32,"$100,000 to $124,999",White non-Hispanic,Overweight,Yes,No,No,5,Yes,Yes,I don't want help,No,Employed for wages,Software Developer,Bachelor’s degree,Other exercise
5/18/2016 0:50:46,Male,Straight,28,$0,White non-Hispanic,Normal weight,Yes,No,No,0,Yes,Yes,I don't want help,No,Out of work but not currently looking for work,NEET,"Some college, no degree",None
5/18/2016 0:50:50,Male,Straight,23,"$20,000 to $29,999",White non-Hispanic,Normal weight,Yes,Yes,No,4,No,No,I don't want help,No,Employed for wages,Worker,"Some college, no degree",Joined a gym/go to the gym
5/18/2016 0:51:07,Female,Straight,18,"$10,000 to $19,999",Asian,Normal weight,Yes,Yes,No,10,Yes,No,wingman/wingwoman,No,A student,Student. Part time web developer?,Bachelor’s degree,"Joined a gym/go to the gym, Other exercise, join clubs/socual clubs/meet ups"
5/18/2016 0:54:09,Male,Straight,22,$0,Asian,Normal weight,Yes,No,No,0,Yes,No,I don't want help,No,Out of work and looking for work,Funemployed ,Bachelor’s degree,None
5/18/2016 0:57:21,Male,Straight,25,"$10,000 to $19,999",Black,Overweight,Yes,No,Yes but I haven't,2,Yes,Yes,date coaching,Yes,Out of work and looking for work,none,"High school graduate, diploma or the equivalent (for example: GED)","Joined a gym/go to the gym, Therapy, join clubs/socual clubs/meet ups"
5/18/2016 1:12:10,Male,Straight,19,"$30,000 to $39,999",Asian,Normal weight,Yes,No,Yes but I haven't,1,No,Yes,Set me up with a date,No,A student,i/t support,Bachelor’s degree,"Cosmetic survey, Other exercise"
5/18/2016 1:13:28,Male,Straight,21,"$30,000 to $39,999",White non-Hispanic,Normal weight,Yes,No,Yes but I haven't,0,Yes,No,"wingman/wingwoman, Set me up with a date",No,Military,Grunt,Bachelor’s degree,"Joined a gym/go to the gym, Other exercise, join clubs/socual clubs/meet ups"
5/18/2016 1:13:43,Female,Straight,17,$0,Asian,Underweight,Yes,No,No,16,No,No,Friendship,No,A student,Student,"High school graduate, diploma or the equivalent (for example: GED)","Joined a gym/go to the gym, Other exercise, join clubs/socual clubs/meet ups"
5/18/2016 1:17:35,Female,Bisexual,38,$0,White non-Hispanic,Normal weight,No,No,No,0,Yes,Yes,Friendship,Yes,Unable to work,Unemployed ,Bachelor’s degree,"Therapy, Other exercise, join clubs/socual clubs/meet ups"
5/18/2016 1:18:39,Male,Straight,23,"$20,000 to $29,999",Hispanic (of any race),Normal weight,Yes,No,Yes but I haven't,15,No,No,Set me up with a date,No,Out of work and looking for work,Nothing,Bachelor’s degree,Other exercise
5/18/2016 1:20:07,Male,Straight,21,"$1 to $10,000",White non-Hispanic,Underweight,Yes,No,No,3,No,No,"wingman/wingwoman, Set me up with a date, date coaching",No,A student,Student,"Some college, no degree","Therapy, join clubs/socual clubs/meet ups"
5/18/2016 1:20:46,Male,Straight,19,$0,White non-Hispanic,Underweight,Yes,No,No,0,Yes,No,I don't want help,No,A student,Student,"High school graduate, diploma or the equivalent (for example: GED)",None
5/18/2016 1:21:32,Male,Straight,19,"$10,000 to $19,999",White non-Hispanic,Normal weight,Yes,Yes,No,2,Yes,No,I don't want help,No,Employed for wages,Software developer ,"High school graduate, diploma or the equivalent (for example: GED)",Joined a gym/go to the gym
5/18/2016 1:21:57,Male,Straight,21,"$75,000 to $99,999",White non-Hispanic,Underweight,Yes,No,Yes but I haven't,1,No,Yes,I don't want help,No,Self-employed, Ceo,Trade/technical/vocational training,None
5/18/2016 1:24:26,Male,Bisexual,23,"$20,000 to $29,999",White non-Hispanic,Normal weight,Yes,No,Yes but I haven't,4,No,Yes,"wingman/wingwoman, Set me up with a date",No,Employed for wages,Factory Worker,"Some college, no degree",None
5/18/2016 1:24:33,Male,Straight,20,"$1 to $10,000",White non-Hispanic,Underweight,Yes,No,No,5,Yes,Yes,Set me up with a date,No,A student,None,"Some college, no degree","Cosmetic survey, Joined a gym/go to the gym, Therapy"
5/18/2016 1:33:14,Male,Straight,20,"$1 to $10,000",White non-Hispanic,Obese,Yes,No,No,3,Yes,Yes,I don't want help,Yes,Out of work and looking for work,none,"Some college, no degree","Therapy, Other exercise, join clubs/socual clubs/meet ups"
5/18/2016 1:35:21,Male,Straight,21,$0,White non-Hispanic,Underweight,Yes,Yes,No,0,Yes,Yes,I don't want help,No,Out of work but not currently looking for work,Not employed,"High school graduate, diploma or the equivalent (for example: GED)",None
5/18/2016 1:35:25,Male,Bisexual,17,$0,White non-Hispanic,Underweight,Yes,No,No,2,No,Yes,Im on my own,No,A student,Popo,"Some college, no degree","Therapy, join clubs/socual clubs/meet ups"
5/18/2016 1:42:06,Male,Straight,28,"$10,000 to $19,999",White non-Hispanic,Normal weight,Yes,No,No,4,Yes,Yes,date coaching,No,Employed for wages,supervisor,Bachelor’s degree,None
5/18/2016 1:49:54,Male,Bisexual,20,$0,White non-Hispanic,Overweight,Yes,No,Yes but I haven't,3,No,Yes,I don't want help,No,Out of work but not currently looking for work,n/a,"Some college, no degree",None
5/18/2016 1:52:46,Male,Bisexual,22,"$1 to $10,000",White non-Hispanic,Normal weight,Yes,No,No,2,Yes,No,date coaching,No,A student,Cashier,"Some college, no degree",join clubs/socual clubs/meet ups
5/18/2016 1:54:43,Male,Straight,70,"$150,000 or more",White non-Hispanic,Obese,No,No,No,5,No,Yes,I don't want help,No,Self-employed,super pooper,Doctorate degree,"Cosmetic survey, Joined a gym/go to the gym, Therapy, Other exercise, join clubs/socual clubs/meet ups"
5/18/2016 1:55:09,Male,Straight,28,"$20,000 to $29,999",White non-Hispanic,Underweight,Yes,No,Yes but I haven't,0,Yes,No,"Set me up with a date, date coaching",No,Employed for wages,Truck driver,Trade/technical/vocational training,Therapy
5/18/2016 1:55:46,Male,Straight,30,"$50,000 to $74,999",Mixed race,Underweight,No,No,No,12,Yes,Yes,Set me up with a date,No,Out of work but not currently looking for work,,"Some college, no degree","Therapy, Other exercise"
5/18/2016 1:55:52,Male,Straight,24,"$1 to $10,000",White non-Hispanic,Normal weight,Yes,Yes,No,3,Yes,No,I don't want help,Yes,Employed for wages,user-carer,"Some high school, no diploma","Joined a gym/go to the gym, Other exercise"
5/18/2016 1:56:41,Male,Straight,26,"$150,000 or more",White non-Hispanic,Normal weight,No,No,No,20,Yes,No,"wingman/wingwoman, Set me up with a date",No,Employed for wages,Lawyer,Professional degree,Other exercise
5/18/2016 1:58:47,Male,Straight,21,"$1 to $10,000",White non-Hispanic,Normal weight,Yes,No,No,6,No,Yes,"wingman/wingwoman, Set me up with a date",No,Employed for wages,Cook,"Some college, no degree","Joined a gym/go to the gym, Other exercise"
5/18/2016 2:06:32,Male,Straight,34,"$10,000 to $19,999",Asian,Normal weight,No,No,No,5,No,Yes,help getting a better job,No,Employed for wages,retail worker,Professional degree,"Other exercise, join clubs/socual clubs/meet ups"
5/18/2016 2:12:29,Male,Straight,22,$0,Hispanic (of any race),Underweight,Yes,No,Yes but I haven't,6,Yes,Yes,I don't want help,No,A student,U serious?,"Some college, no degree",Other exercise
5/18/2016 2:13:08,Male,Straight,29,"$40,000 to $49,999",White non-Hispanic,Normal weight,Yes,Yes,No,0,No,Yes,I don't want help,No,Employed for wages,Senior software developer,Bachelor’s degree,None
5/18/2016 2:16:27,Male,Straight,29,"$30,000 to $39,999",Pakistani,Overweight,Yes,No,Yes but I haven't,18,No,No,"wingman/wingwoman, date coaching",No,Employed for wages,IT Engineer,"High school graduate, diploma or the equivalent (for example: GED)",join clubs/socual clubs/meet ups
5/18/2016 2:24:07,Male,Straight,24,"$1 to $10,000",White non-Hispanic,Normal weight,Yes,Yes,No,1,No,No,I don't want help,No,A student,Student,Bachelor’s degree,"Other exercise, join clubs/socual clubs/meet ups"
5/18/2016 2:27:11,Male,Straight,30,"$150,000 or more",White non-Hispanic,Overweight,Yes,No,No,1,Yes,No,I don't want help,No,Employed for wages,software engineer,Doctorate degree,Other exercise
5/18/2016 2:28:29,Male,Straight,19,"$10,000 to $19,999",White non-Hispanic,Overweight,Yes,No,No,4,Yes,Yes,"wingman/wingwoman, Set me up with a date, date coaching",No,A student,Engineer,"Some college, no degree",Other exercise
5/18/2016 2:28:37,Male,Straight,28,"$50,000 to $74,999",White non-Hispanic,Underweight,Yes,Yes,No,2,Yes,No,Set me up with a date,No,Employed for wages,Software eng.,Bachelor’s degree,None
5/18/2016 2:35:32,Female,Bisexual,19,"$1 to $10,000",White non-Hispanic,Normal weight,Yes,Yes,No,1,Yes,Yes,I don't want help,No,A student,Student ,"Some high school, no diploma",Therapy
5/18/2016 2:38:51,Male,Straight,19,"$10,000 to $19,999",White non-Hispanic,Overweight,Yes,Yes,No,0,No,Yes,"wingman/wingwoman, Set me up with a date, date coaching",Yes,A student,student,"Some college, no degree","Joined a gym/go to the gym, Therapy, join clubs/socual clubs/meet ups"
5/18/2016 2:40:05,Female,Straight,25,"$40,000 to $49,999",Asian,Underweight,No,No,No,17,No,No,I'm not fa lol,No,Employed for wages,Admin,Bachelor’s degree,Nope not Fa
5/18/2016 2:42:02,Female,Bisexual,21,$0,Hispanic (of any race),Normal weight,No,No,No,10,Yes,Yes,I don't want help,Yes,A student,Student,"Some college, no degree","Therapy, Other exercise"
5/18/2016 2:51:15,Male,Straight,35,"$75,000 to $99,999",White non-Hispanic,Overweight,No,Yes,Yes and I have,3,Yes,Yes,I don't want help,No,Employed for wages,Senior Developer,Bachelor’s degree,"Joined a gym/go to the gym, Other exercise"
5/18/2016 2:53:44,Female,Straight,21,$0,Asian,Normal weight,Yes,No,No,5,Yes,No,I don't want help,No,A student,College student/research intern ,Bachelor’s degree,"Other exercise, Hobbies - music, languages, calligraphy"
5/18/2016 2:58:31,Male,Straight,24,$0,Black,Normal weight,Yes,No,Yes and I have,5,Yes,Yes,I don't want help,No,A student,student,"Some college, no degree","Joined a gym/go to the gym, join clubs/socual clubs/meet ups"
5/18/2016 3:04:00,Male,Straight,18,"$1 to $10,000",White non-Hispanic,Normal weight,Yes,Yes,Yes but I haven't,5,No,Yes,"wingman/wingwoman, Set me up with a date, date coaching",No,A student,Student,"High school graduate, diploma or the equivalent (for example: GED)",Joined a gym/go to the gym
5/18/2016 3:06:09,Female,Bisexual,12,"$150,000 or more",helicopterkin,Obese,No,Yes,No,15,No,No,"I don't want help, more one night stands",No,Out of work but not currently looking for work,Sugar baby,"Some high school, no diploma",just b confident
5/18/2016 3:06:44,Female,Straight,23,"$1 to $10,000",White non-Hispanic,Normal weight,No,No,No,3,Yes,Yes,I don't want help,No,A student,assistant caretaker,Bachelor’s degree,"Joined a gym/go to the gym, Therapy, Other exercise, join clubs/socual clubs/meet ups"
5/18/2016 3:26:59,Male,Straight,29,"$125,000 to $149,999",Black,Overweight,Yes,No,Yes but I haven't,6,Yes,Yes,not sure what would help,Yes,Self-employed,Engineer,"Some college, no degree","Joined a gym/go to the gym, Therapy, Other exercise, join clubs/socual clubs/meet ups"
5/18/2016 3:28:33,Male,Straight,24,"$50,000 to $74,999",White non-Hispanic,Normal weight,No,No,Yes and I have,20,Yes,No,"wingman/wingwoman, Set me up with a date",No,Self-employed,Coo,Bachelor’s degree,"Joined a gym/go to the gym, Therapy, join clubs/socual clubs/meet ups"
5/18/2016 3:28:56,Male,Straight,30,"$1 to $10,000",White non-Hispanic,Underweight,Yes,No,No,1,Yes,Yes,I don't want help,No,Employed for wages,Researcher,Doctorate degree,"Joined a gym/go to the gym, Therapy"
5/18/2016 3:36:07,Male,Straight,21,$0,White non-Hispanic,Normal weight,Yes,Yes,No,3,Yes,Yes,I don't want help,No,A student,Application Developer,"Some college, no degree",None
5/18/2016 3:43:25,Male,Straight,18,$0,Asian,Underweight,Yes,No,Yes but I haven't,3,Yes,Yes,I don't want help,Yes,A student,Student,"High school graduate, diploma or the equivalent (for example: GED)",None
5/18/2016 3:46:31,Male,Straight,22,$0,Hispanic (of any race),Overweight,Yes,No,Yes but I haven't,2,Yes,Yes,I don't want help,No,Unable to work,None ,Associate degree,Therapy
5/18/2016 3:47:09,Male,Straight,22,"$20,000 to $29,999",White non-Hispanic,Overweight,Yes,No,No,3,Yes,No,wingman/wingwoman,No,Employed for wages,Courier,"Some college, no degree",Joined a gym/go to the gym
5/18/2016 3:49:14,Male,Straight,26,"$30,000 to $39,999",White non-Hispanic,Overweight,Yes,No,Yes but I haven't,1,Yes,Yes,"wingman/wingwoman, Set me up with a date, date coaching",No,Employed for wages,Accounts Receivable,Associate degree,"Joined a gym/go to the gym, Other exercise"
5/18/2016 3:51:31,Male,Straight,20,$0,Hispanic (of any race),Overweight,Yes,No,No,1,Yes,Yes,"Set me up with a date, date coaching",Yes,A student,None ,"Some college, no degree","Therapy, Other exercise, Develop hobbies"
5/18/2016 4:02:09,Male,Straight,17,$0,Hispanic (of any race),Normal weight,Yes,Yes,No,6,No,No,I don't want help,No,A student,student,"Some high school, no diploma",None
5/18/2016 4:05:46,Male,Straight,20,"$10,000 to $19,999",White non-Hispanic,Underweight,Yes,No,No,1,Yes,No,Set me up with a date,No,Employed for wages,Zivildiener (austrian stuff),"High school graduate, diploma or the equivalent (for example: GED)","Therapy, Other exercise, join clubs/socual clubs/meet ups"
5/18/2016 4:16:01,Male,Straight,28,"$75,000 to $99,999",Middle Eastern,Normal weight,Yes,Yes,No,10,No,No,I don't want help,No,Employed for wages,Software Engineer,Bachelor’s degree,"Joined a gym/go to the gym, Other exercise"
5/18/2016 4:23:37,Male,Straight,36,"$50,000 to $74,999",Asian,Normal weight,No,No,Yes and I have,80,No,Yes,Set me up with a date,No,Employed for wages,ggg,Bachelor’s degree,"Joined a gym/go to the gym, Other exercise, join clubs/socual clubs/meet ups"
5/18/2016 4:34:17,Female,Straight,26,"$40,000 to $49,999",White non-Hispanic,Obese,Yes,No,No,2,Yes,Yes,date coaching,No,Employed for wages,RN,Bachelor’s degree,"Joined a gym/go to the gym, Other exercise"
5/18/2016 4:37:40,Male,Straight,28,$0,White non-Hispanic,Overweight,Yes,Yes,No,0,Yes,Yes,"date coaching, social skills training",No,Out of work but not currently looking for work,n/a,"Some college, no degree","Joined a gym/go to the gym, Therapy"
5/18/2016 4:37:52,Male,Straight,21,"$75,000 to $99,999",Asian,Normal weight,Yes,No,No,1,No,Yes,I don't want help,No,Employed for wages,Auditor,Master’s degree,Joined a gym/go to the gym
5/18/2016 4:48:24,Male,Straight,21,$0,Asian,Normal weight,Yes,Yes,No,5,Yes,No,Set me up with a date,No,A student,Student,Bachelor’s degree,"Joined a gym/go to the gym, Other exercise, join clubs/socual clubs/meet ups"
5/18/2016 4:57:53,Male,Straight,23,"$10,000 to $19,999",White non-Hispanic,Normal weight,Yes,Yes,Yes but I haven't,1,Yes,Yes,I don't want help,No,A student,student,Bachelor’s degree,Other exercise
5/18/2016 4:59:02,Male,Straight,23,$0,White non-Hispanic,Underweight,Yes,No,No,0,Yes,Yes,I don't want help,No,Out of work but not currently looking for work,,Associate degree,None
5/18/2016 5:00:58,Male,Bisexual,23,"$20,000 to $29,999",White non-Hispanic,Normal weight,No,No,Yes but I haven't,10,Yes,Yes,I don't want help,No,A student,Freelance writer,"Some college, no degree","Joined a gym/go to the gym, Other exercise, join clubs/socual clubs/meet ups"
5/18/2016 5:06:51,Male,Straight,28,"$10,000 to $19,999",White non-Hispanic,Normal weight,No,No,No,5,Yes,Yes,I don't want help,No,Employed for wages,Clerk,"Some high school, no diploma","Therapy, Other exercise, join clubs/socual clubs/meet ups"
5/18/2016 5:11:10,Male,Straight,31,"$1 to $10,000",White non-Hispanic,Normal weight,Yes,No,No,0,No,Yes,I don't want help,No,Self-employed,self employed,"Some high school, no diploma",Other exercise
5/18/2016 5:11:50,Male,Straight,19,"$1 to $10,000",Asian,Normal weight,Yes,Yes,No,1,Yes,Yes,wingman/wingwoman,No,A student,-,"High school graduate, diploma or the equivalent (for example: GED)",None
5/18/2016 5:15:37,Female,Gay/Lesbian,15,$0,White non-Hispanic,Normal weight,Yes,No,No,0,Yes,No,I don't want help,No,A student,student,"Some high school, no diploma",None
5/18/2016 5:28:33,Male,Straight,26,"$1 to $10,000",Turkish,Overweight,Yes,Yes,No,3,Yes,Yes,"There is no way that they can help. They only give useless advice like ""just be more confident"".",No,Employed for wages,Operations Manager (i.e. I do what my father tells me to do in our family company).,Master’s degree,"Joined a gym/go to the gym, Therapy, Joined a German language learning course."
5/18/2016 5:29:14,Male,Straight,28,"$50,000 to $74,999",Asian,Overweight,Yes,No,No,10,Yes,Yes,I don't want help,No,Employed for wages,Mechanical engineer,Master’s degree,Other exercise
5/18/2016 5:41:19,Male,Straight,23,"$1 to $10,000",White non-Hispanic,Overweight,Yes,No,No,10,Yes,Yes,"wingman/wingwoman, Set me up with a date, date coaching",No,Employed for wages,Third Manager,"High school graduate, diploma or the equivalent (for example: GED)","Therapy, Other exercise"
5/18/2016 5:42:39,Male,Gay/Lesbian,26,"$30,000 to $39,999",White non-Hispanic,Overweight,Yes,No,No,0,No,Yes,I don't want help,Yes,Employed for wages,Flight Attendant,Associate degree,None
5/18/2016 5:45:48,Male,Straight,27,"$30,000 to $39,999",White non-Hispanic,Normal weight,Yes,No,Yes and I have,15,No,No,I don't want help,No,Self-employed,Interpreter,Master’s degree,"Joined a gym/go to the gym, Therapy, Other exercise, join clubs/socual clubs/meet ups"
5/18/2016 5:47:41,Male,Straight,26,$0,White non-Hispanic,Normal weight,Yes,No,Yes but I haven't,10,No,Yes,"wingman/wingwoman, Set me up with a date, date coaching",No,A student,Student,Bachelor’s degree,Other exercise
5/18/2016 5:49:21,Male,Straight,35,"$30,000 to $39,999",Asian,Normal weight,Yes,Yes,No,2,Yes,Yes,I don't want help,No,Employed for wages,engineer,"Some college, no degree",None
5/18/2016 5:49:42,Male,Straight,31,"$10,000 to $19,999",White non-Hispanic,Obese,Yes,No,No,3,No,No,Set me up with a date,No,Self-employed,none,"Some college, no degree",None
5/18/2016 5:50:59,Male,Straight,57,"$10,000 to $19,999",White non-Hispanic,Normal weight,No,No,No,0,No,No,I don't want help,No,Employed for wages,vehicle prep,Trade/technical/vocational training,None
5/18/2016 5:52:27,Male,Straight,25,$0,Hispanic (of any race),Normal weight,No,No,Yes and I have,0,Yes,Yes,I don't want help,Yes,Out of work and looking for work,dunno,Bachelor’s degree,"Joined a gym/go to the gym, Therapy"
5/18/2016 6:03:51,Male,Straight,25,$0,White non-Hispanic,Normal weight,Yes,No,No,0,Yes,Yes,I don't want help,No,Unable to work,none,"High school graduate, diploma or the equivalent (for example: GED)","Joined a gym/go to the gym, None"
5/18/2016 6:21:19,Male,Gay/Lesbian,25,$0,White non-Hispanic,Overweight,Yes,No,No,6,Yes,Yes,"wingman/wingwoman, Set me up with a date, date coaching",No,Out of work and looking for work,Unemployed ,"High school graduate, diploma or the equivalent (for example: GED)",Therapy
5/18/2016 6:23:18,Female,Bisexual,22,"$1 to $10,000",White non-Hispanic,Normal weight,No,No,No,0,Yes,Yes,I don't want help,Yes,A student,Student,"Some college, no degree",Therapy
5/18/2016 6:38:46,Female,Straight,23,$0,Asian,Underweight,Yes,No,No,0,Yes,Yes,I don't want help,No,Out of work but not currently looking for work,N/a,Bachelor’s degree,Other exercise
5/18/2016 6:40:35,Female,Straight,21,"$125,000 to $149,999",White non-Hispanic,Normal weight,No,No,No,16,No,No,I don't want help,No,Self-employed,Accountant,Associate degree,None
5/18/2016 6:41:08,Male,Straight,33,$0,White non-Hispanic,Normal weight,Yes,No,No,1,Yes,Yes,I don't want help,Yes,Out of work and looking for work,Unemployed,"High school graduate, diploma or the equivalent (for example: GED)",Other exercise
5/18/2016 6:53:02,Male,Straight,18,"$50,000 to $74,999",Asian,Normal weight,Yes,No,No,5,No,Yes,"wingman/wingwoman, Set me up with a date, date coaching",No,Employed for wages,Intern,"Some college, no degree",Joined a gym/go to the gym
5/18/2016 6:55:07,Male,Straight,27,$0,White non-Hispanic,Underweight,Yes,Yes,No,1,Yes,Yes,I don't want help,No,A student,*,Bachelor’s degree,None
5/18/2016 7:02:48,Male,Straight,21,"$10,000 to $19,999",White non-Hispanic,Overweight,Yes,No,Yes but I haven't,1,Yes,Yes,I don't want help,No,A student,student,"High school graduate, diploma or the equivalent (for example: GED)",None
5/18/2016 7:04:09,Male,Straight,20,$0,White non-Hispanic,Normal weight,No,No,Yes and I have,0,No,No,I don't want help,No,A student,None,"High school graduate, diploma or the equivalent (for example: GED)",None
5/18/2016 7:10:02,Male,Straight,23,"$1 to $10,000",White non-Hispanic,Normal weight,Yes,No,No,0,No,No,"wingman/wingwoman, Set me up with a date",No,A student,student,Bachelor’s degree,"Joined a gym/go to the gym, join clubs/socual clubs/meet ups"
5/18/2016 7:12:21,Male,Straight,29,"$40,000 to $49,999",Asian,Obese,Yes,No,Yes but I haven't,0,No,No,"wingman/wingwoman, Set me up with a date, date coaching",No,Self-employed, Therapy,Bachelor’s degree,None
5/18/2016 7:13:43,Male,Straight,23,"$1 to $10,000",Asian,Normal weight,Yes,Yes,Yes but I haven't,2,Yes,Yes,I don't want help,No,Out of work and looking for work,Your survey question design is bad and you should feel bad.,Bachelor’s degree,None
5/18/2016 7:19:47,Female,Straight,26,"$1 to $10,000",White non-Hispanic,Overweight,Yes,No,Yes but I haven't,0,No,Yes,"wingman/wingwoman, Set me up with a date, date coaching",Yes,Out of work but not currently looking for work,useless,"High school graduate, diploma or the equivalent (for example: GED)","Therapy, join clubs/socual clubs/meet ups, medication"
5/18/2016 7:27:20,Male,Straight,22,"$10,000 to $19,999",White non-Hispanic,Normal weight,Yes,No,No,0,Yes,Yes,date coaching,No,Out of work and looking for work,.,"Some college, no degree","Joined a gym/go to the gym, join clubs/socual clubs/meet ups"
5/18/2016 7:28:01,Male,Straight,23,$0,Indian,Underweight,Yes,No,Yes but I haven't,3,Yes,Yes,"wingman/wingwoman, Set me up with a date, date coaching",No,Out of work and looking for work,Student,Bachelor’s degree,None
5/18/2016 7:41:18,Male,Straight,27,$0,White non-Hispanic,Overweight,Yes,No,Yes but I haven't,6,Yes,Yes,I don't want any help. I can't even talk about it.,Yes,Out of work but not currently looking for work,Philosopher,"Some high school, no diploma",Other exercise
5/18/2016 7:41:18,Male,Straight,24,$0,White non-Hispanic,Normal weight,Yes,No,No,0,Yes,Yes,I don't want help,Yes,A student,What?,"High school graduate, diploma or the equivalent (for example: GED)",Trying to accept my fate.
5/18/2016 7:46:46,Male,Straight,28,$0,White non-Hispanic,Normal weight,No,Yes,Yes but I haven't,3,Yes,Yes,"wingman/wingwoman, Set me up with a date, date coaching",No,Out of work and looking for work,loser,Master’s degree,Other exercise
5/18/2016 7:46:57,Male,Straight,19,"$10,000 to $19,999",White non-Hispanic,Overweight,Yes,Yes,Yes but I haven't,10,No,Yes,I don't want help,Yes,Employed for wages,Software Engineer,Trade/technical/vocational training,Other exercise
5/18/2016 7:54:01,Male,Straight,24,"$1 to $10,000",Black,Underweight,No,No,Yes but I haven't,4,Yes,Yes,I don't want help,No,A student,Student,Bachelor’s degree,"Joined a gym/go to the gym, Therapy, Other exercise, join clubs/socual clubs/meet ups"
5/18/2016 7:55:10,Male,Straight,25,"$125,000 to $149,999",White non-Hispanic,Normal weight,No,No,Yes but I haven't,30,No,No,I don't want help,No,Employed for wages,Financial Analyst,Bachelor’s degree,"Joined a gym/go to the gym, join clubs/socual clubs/meet ups"
5/18/2016 8:08:44,Male,Straight,18,"$1 to $10,000",White non-Hispanic,Normal weight,Yes,Yes,No,0,No,No,wingman/wingwoman,No,A student,Student ,"High school graduate, diploma or the equivalent (for example: GED)","Joined a gym/go to the gym, join clubs/socual clubs/meet ups"
5/18/2016 8:10:41,Male,Straight,27,$0,White non-Hispanic,Underweight,No,No,No,13,No,Yes,I don't want help,No,Out of work and looking for work,currently unemployed,"High school graduate, diploma or the equivalent (for example: GED)","Therapy, Other exercise"
5/18/2016 8:14:39,Female,Gay/Lesbian,35,"$1 to $10,000",Black,Obese,No,No,No,3,Yes,Yes,"wingman/wingwoman, Set me up with a date",No,Out of work but not currently looking for work,Nothing,"Some college, no degree","Therapy, join clubs/socual clubs/meet ups"
5/18/2016 8:14:52,Male,Straight,19,$0,White non-Hispanic,Normal weight,Yes,No,No,6,Yes,No,"wingman/wingwoman, date coaching",No,A student,Student,"High school graduate, diploma or the equivalent (for example: GED)","Joined a gym/go to the gym, Other exercise"
5/18/2016 8:17:01,Female,Bisexual,21,"$1 to $10,000",White non-Hispanic,Normal weight,No,Yes,No,7,Yes,Yes,I don't want help,Yes,Out of work and looking for work,Lifeguard,Bachelor’s degree,"Therapy, Other exercise, join clubs/socual clubs/meet ups"
5/18/2016 8:18:08,Female,Straight,30,"$1 to $10,000",White non-Hispanic,Overweight,Yes,No,Yes but I haven't,0,No,Yes,I don't want help,No,Employed for wages,lackey,Bachelor’s degree,"Joined a gym/go to the gym, Other exercise, join clubs/socual clubs/meet ups"
5/18/2016 8:22:09,Male,Straight,18,"$30,000 to $39,999",Native american,Normal weight,Yes,No,Yes but I haven't,0,Yes,Yes,Friends,Yes,Out of work and looking for work,None,"High school graduate, diploma or the equivalent (for example: GED)",Joined a gym/go to the gym
5/18/2016 8:24:22,Female,Bisexual,27,"$20,000 to $29,999",White non-Hispanic,Normal weight,Yes,Yes,No,10,Yes,No,I don't want help,No,Employed for wages,teacher,Bachelor’s degree,"Other exercise, join clubs/socual clubs/meet ups"
5/18/2016 8:27:23,Male,Straight,35,"$10,000 to $19,999",White non-Hispanic,Normal weight,Yes,No,Yes but I haven't,4,Yes,Yes,date coaching,No,Self-employed,online seller,"Some college, no degree",Joined a gym/go to the gym
5/18/2016 8:34:48,Male,Straight,28,"$1 to $10,000",White non-Hispanic,Normal weight,Yes,Yes,No,15,No,No,date coaching,No,A student,student,Bachelor’s degree,"Other exercise, join clubs/socual clubs/meet ups"
5/18/2016 8:41:25,Female,Straight,28,"$20,000 to $29,999",White non-Hispanic,Overweight,No,No,No,20,No,No,wingman/wingwoman,No,Self-employed,Musician,Master’s degree,Joined a gym/go to the gym
5/18/2016 8:42:53,Male,Straight,19,"$1 to $10,000",White non-Hispanic,Normal weight,Yes,No,Yes but I haven't,3,Yes,Yes,"wingman/wingwoman, Set me up with a date, date coaching",No,A student,Student,"Some high school, no diploma",None
5/18/2016 8:46:21,Female,Straight,29,"$50,000 to $74,999",White non-Hispanic,Normal weight,No,No,No,5,Yes,Yes,I don't want help,Yes,Employed for wages,Designer,Associate degree,"Joined a gym/go to the gym, join clubs/socual clubs/meet ups"
5/18/2016 8:49:24,Male,Straight,29,"$30,000 to $39,999",White non-Hispanic,Normal weight,Yes,No,No,7,Yes,No,"wingman/wingwoman, Set me up with a date",Yes,Employed for wages,Production Editor,Bachelor’s degree,"Joined a gym/go to the gym, Other exercise, join clubs/socual clubs/meet ups"
5/18/2016 8:50:29,Male,Straight,22,"$1 to $10,000",White non-Hispanic,Normal weight,Yes,No,No,1,Yes,Yes,I don't want help,No,Employed for wages,Job,"Some college, no degree","Therapy, Other exercise, join clubs/socual clubs/meet ups"
5/18/2016 8:52:16,Male,Straight,24,"$1 to $10,000",White non-Hispanic,Overweight,Yes,Yes,Yes but I haven't,1,Yes,Yes,Set me up with a date,No,Out of work but not currently looking for work,none,"Some college, no degree",Therapy
5/18/2016 8:56:57,Male,Straight,20,"$1 to $10,000",Black,Normal weight,Yes,No,No,10,Yes,Yes,date coaching,No,A student,Bio major,"Some college, no degree","Joined a gym/go to the gym, Therapy, Other exercise, join clubs/socual clubs/meet ups"
5/18/2016 8:57:05,Male,Straight,23,"$50,000 to $74,999",White non-Hispanic,Normal weight,Yes,No,No,4,Yes,Yes,I don't want help,No,Employed for wages,System Analyst Associate ,"High school graduate, diploma or the equivalent (for example: GED)","Joined a gym/go to the gym, Therapy"
5/18/2016 9:08:40,Male,Straight,22,"$1 to $10,000",White non-Hispanic,Normal weight,Yes,Yes,No,0,No,Yes,I don't want help,Yes,A student,Student,Bachelor’s degree,"Joined a gym/go to the gym, Therapy, Other exercise, join clubs/socual clubs/meet ups"
5/18/2016 9:19:05,Male,Straight,17,$0,White non-Hispanic,Normal weight,Yes,Yes,Yes but I haven't,10,No,No,"wingman/wingwoman, Set me up with a date, date coaching",No,A student,student,"High school graduate, diploma or the equivalent (for example: GED)","Joined a gym/go to the gym, Other exercise, join clubs/socual clubs/meet ups"
5/18/2016 9:27:05,Male,Straight,19,$0,White non-Hispanic,Normal weight,Yes,No,Yes but I haven't,1,Yes,Yes,I don't want help,No,Unable to work,Unemployed,"Some high school, no diploma","Joined a gym/go to the gym, Therapy, join clubs/socual clubs/meet ups"
5/18/2016 9:27:15,Male,Straight,24,$0,White non-Hispanic,Overweight,Yes,No,Yes but I haven't,1,No,Yes,"wingman/wingwoman, Set me up with a date",No,A student,Student,Bachelor’s degree,None
5/18/2016 9:29:39,Male,Straight,31,"$20,000 to $29,999",White non-Hispanic,Overweight,No,No,Yes but I haven't,3,Yes,Yes,"wingman/wingwoman, Set me up with a date",No,Employed for wages,Delivery manager,"Some college, no degree","Joined a gym/go to the gym, Therapy, Other exercise, join clubs/socual clubs/meet ups"
5/18/2016 9:31:41,Male,Straight,22,"$10,000 to $19,999",White non-Hispanic,Normal weight,No,Yes,Yes but I haven't,8,No,Yes,I don't want help,No,Self-employed,-,Bachelor’s degree,Joined a gym/go to the gym
5/18/2016 9:37:14,Male,Straight,24,"$10,000 to $19,999",Asian,Overweight,No,No,Yes and I have,3,Yes,Yes,I don't want help,No,Employed for wages,Clerk,Bachelor’s degree,Joined a gym/go to the gym
5/18/2016 9:39:15,Male,Straight,31,"$20,000 to $29,999",White non-Hispanic,Normal weight,No,No,No,2,Yes,Yes,I don't want help,No,Employed for wages,S,"Some college, no degree",None
5/18/2016 9:42:24,Male,Straight,22,"$20,000 to $29,999",Asian,Normal weight,Yes,Yes,Yes and I have,3,Yes,No,I don't want help,No,A student,Masters,Bachelor’s degree,"Joined a gym/go to the gym, Other exercise"
5/18/2016 9:53:09,Male,Straight,20,$0,White non-Hispanic,Normal weight,Yes,Yes,No,0,Yes,Yes,Set me up with a date,No,A student,Student,"High school graduate, diploma or the equivalent (for example: GED)","Joined a gym/go to the gym, Therapy"
5/18/2016 9:54:14,Female,Straight,27,"$1 to $10,000",White non-Hispanic,Overweight,Yes,Yes,No,1,Yes,Yes,coping with being beyond help,Yes,A student,-,"High school graduate, diploma or the equivalent (for example: GED)","Therapy, Other exercise, diets, change of wardrobe, medication, diet pills "
5/18/2016 9:54:39,Male,Straight,24,"$1 to $10,000",Black,Overweight,Yes,No,Yes but I haven't,6,No,No,I don't want help,No,A student,Student,Bachelor’s degree,"Joined a gym/go to the gym, join clubs/socual clubs/meet ups"
5/18/2016 9:55:57,Male,Straight,26,$0,White non-Hispanic,Normal weight,Yes,No,No,0,Yes,Yes,I don't want help,No,Unable to work,nothing,"Some college, no degree",None
5/18/2016 9:56:07,Male,Straight,22,$0,Asian,Normal weight,Yes,Yes,No,0,Yes,Yes,Set me up with a date,No,Out of work but not currently looking for work,None,"Some college, no degree",Joined a gym/go to the gym
5/18/2016 9:56:10,Male,Straight,26,"$30,000 to $39,999",White non-Hispanic,Overweight,Yes,Yes,No,4,Yes,Yes,Set me up with a date,No,Employed for wages,Storekeeper ,Bachelor’s degree,Joined a gym/go to the gym
5/18/2016 10:00:58,Male,Straight,24,"$30,000 to $39,999",White non-Hispanic,Normal weight,No,No,No,0,No,Yes,I don't want help,No,A student,Research assistant ,Associate degree,None
5/18/2016 10:05:09,Male,Straight,18,$0,White non-Hispanic,Normal weight,Yes,No,Yes but I haven't,20,No,Yes,"wingman/wingwoman, Set me up with a date",No,A student,Student,Master’s degree,"Joined a gym/go to the gym, Other exercise"
5/18/2016 10:07:24,Male,Straight,18,$0,White non-Hispanic,Normal weight,No,No,No,6,Yes,Yes,"wingman/wingwoman, Set me up with a date, date coaching",No,A student,President,"High school graduate, diploma or the equivalent (for example: GED)",Joined a gym/go to the gym
5/18/2016 10:09:50,Male,Straight,22,"$10,000 to $19,999",Black,Normal weight,Yes,No,No,5,No,Yes,I don't want help,Yes,Employed for wages,Sales,"Some college, no degree","Joined a gym/go to the gym, Therapy"
5/18/2016 10:18:15,Male,Straight,22,"$50,000 to $74,999",White non-Hispanic,Normal weight,Yes,No,No,15,No,No,"wingman/wingwoman, Set me up with a date, date coaching",No,Employed for wages,Technician ,"Some college, no degree",Other exercise
5/18/2016 10:18:29,Male,Straight,19,$0,White non-Hispanic,Normal weight,No,Yes,No,0,No,Yes,Money for rehab or sober living home,Yes,Out of work but not currently looking for work,Junkie,"Some college, no degree","Joined a gym/go to the gym, Therapy, Other exercise"
5/18/2016 10:19:13,Male,Straight,18,$0,Asian,Normal weight,Yes,No,Yes but I haven't,0,Yes,Yes,"wingman/wingwoman, Set me up with a date",No,A student,student,"Some college, no degree",None
5/18/2016 10:22:29,Male,Straight,21,$0,Indian,Normal weight,Yes,Yes,Yes but I haven't,10,Yes,No,Just want mates that make it look like I fit in,No,A student,Student,Bachelor’s degree,"Joined a gym/go to the gym, join clubs/socual clubs/meet ups"
5/18/2016 10:28:46,Male,Straight,31,"$10,000 to $19,999",Mixed,Overweight,Yes,No,Yes but I haven't,3,Yes,Yes,"wingman/wingwoman, Set me up with a date",No,Employed for wages,Press operator,"Some college, no degree","Other exercise, join clubs/socual clubs/meet ups"
5/18/2016 10:34:31,Male,Bisexual,25,"$10,000 to $19,999",White non-Hispanic,Underweight,Yes,No,No,28,No,Yes,date coaching,No,Out of work but not currently looking for work,N/a,Bachelor’s degree,"Joined a gym/go to the gym, Therapy, Self analysis "
5/18/2016 10:47:54,Male,Straight,23,"$10,000 to $19,999",White non-Hispanic,Normal weight,No,Yes,No,4,Yes,No,Set me up with a date,No,A student,Student,Bachelor’s degree,Other exercise
5/18/2016 10:48:04,Male,Straight,27,"$1 to $10,000",White non-Hispanic,Normal weight,Yes,Yes,No,10,Yes,Yes,I don't want help,No,Employed for wages,Cleaner,Bachelor’s degree,Other exercise
5/18/2016 10:56:14,Male,Straight,19,$0,White non-Hispanic,Obese,Yes,No,No,0,Yes,Yes,I don't want help,No,A student,--,"Some college, no degree",None
5/18/2016 11:01:31,Male,Straight,20,"$10,000 to $19,999",White non-Hispanic,Underweight,No,No,No,2,Yes,Yes,"wingman/wingwoman, Set me up with a date, date coaching",No,Employed for wages,Technician,"High school graduate, diploma or the equivalent (for example: GED)","Therapy, Other exercise"
5/18/2016 11:07:19,Male,Bisexual,20,$0,White non-Hispanic,Underweight,Yes,Yes,Yes but I haven't,0,No,No,I don't want help,No,A student,-,"High school graduate, diploma or the equivalent (for example: GED)",None
5/18/2016 11:17:49,Male,Straight,26,$0,White non-Hispanic,Overweight,Yes,No,No,3,Yes,No,wingman/wingwoman,No,Out of work but not currently looking for work,none,"Some high school, no diploma",Other exercise
5/18/2016 11:20:05,Male,Straight,31,"$30,000 to $39,999",White non-Hispanic,Normal weight,No,No,No,100,No,Yes,"wingman/wingwoman, Set me up with a date, I don't want help",No,Employed for wages,Manager,Bachelor’s degree,"Joined a gym/go to the gym, Therapy, Other exercise, join clubs/socual clubs/meet ups"
5/18/2016 11:23:33,Male,Straight,18,$0,White non-Hispanic,Normal weight,Yes,Yes,No,3,Yes,Yes,I don't want help,Yes,Out of work and looking for work,None,"High school graduate, diploma or the equivalent (for example: GED)",Other exercise
5/18/2016 11:30:23,Male,Straight,22,"$1 to $10,000",White non-Hispanic,Overweight,Yes,Yes,Yes but I haven't,4,Yes,Yes,"wingman/wingwoman, Set me up with a date",Yes,A student,Intern,Trade/technical/vocational training,"Joined a gym/go to the gym, Therapy"
5/18/2016 11:32:06,Male,Bisexual,28,"$30,000 to $39,999",White non-Hispanic,Overweight,No,No,No,10,Yes,Yes,wingman/wingwoman,No,Employed for wages,engineer,Bachelor’s degree,"Joined a gym/go to the gym, Therapy, join clubs/socual clubs/meet ups"
5/18/2016 11:35:47,Male,Straight,24,$0,White non-Hispanic,Overweight,Yes,No,No,1,Yes,Yes,"wingman/wingwoman, Set me up with a date, date coaching, I don't really know. Something magical that would make me happy.",No,A student,Web Developpeur,Bachelor’s degree,None
5/18/2016 11:38:32,Male,Straight,26,"$100,000 to $124,999",White non-Hispanic,Obese,No,No,Yes and I have,0,Yes,Yes,"wingman/wingwoman, Set me up with a date",No,Employed for wages,Software developer,Bachelor’s degree,Joined a gym/go to the gym
5/18/2016 11:40:44,Male,Straight,23,$0,White non-Hispanic,Normal weight,Yes,No,Yes but I haven't,5,Yes,Yes,"wingman/wingwoman, Set me up with a date, date coaching, Therapy, shoulder to cry on",Yes,Out of work but not currently looking for work,Unemployed,Bachelor’s degree,"Cosmetic survey, Joined a gym/go to the gym, Therapy, join clubs/socual clubs/meet ups"
5/18/2016 11:44:10,Female,Straight,27,"$50,000 to $74,999",White non-Hispanic,Normal weight,Yes,No,No,4,Yes,Yes,"wingman/wingwoman, Set me up with a date, date coaching",Yes,Employed for wages,Rather not say,Doctorate degree,"Cosmetic survey, Therapy"
5/18/2016 11:49:16,Male,Straight,33,"$1 to $10,000",White non-Hispanic,Normal weight,Yes,No,Yes but I haven't,0,No,Yes,"wingman/wingwoman, Set me up with a date",No,Out of work but not currently looking for work,Loser,Bachelor’s degree,"Joined a gym/go to the gym, Therapy, Other exercise, join clubs/socual clubs/meet ups"
5/18/2016 11:50:48,Female,Straight,26,$0,mixed,Normal weight,Yes,No,No,0,Yes,Yes,I don't want help,No,A student,student,"High school graduate, diploma or the equivalent (for example: GED)",None
5/18/2016 11:56:49,Male,Straight,30,"$20,000 to $29,999",White non-Hispanic,Normal weight,No,No,No,3,Yes,Yes,"date coaching, It would be nice but why would a woman choose me?  There are plenty better",No,Employed for wages,Warehouse associate,"High school graduate, diploma or the equivalent (for example: GED)","Other exercise, Dealer, keeps you in touch with a lot of different people"
5/18/2016 11:57:43,Male,Straight,24,$0,White non-Hispanic,Obese,Yes,No,Yes but I haven't,2,Yes,Yes,I don't want help,No,A student,Student,Associate degree,Other exercise
5/18/2016 12:00:37,Male,Straight,44,"$125,000 to $149,999",White non-Hispanic,Normal weight,No,No,Yes but I haven't,12,No,No,I don't want help,No,Employed for wages,Engineer,Bachelor’s degree,"Joined a gym/go to the gym, Other exercise, join clubs/socual clubs/meet ups"
5/18/2016 12:18:45,Male,Straight,27,"$30,000 to $39,999",White non-Hispanic,Overweight,Yes,Yes,No,7,No,Yes,date coaching,No,Employed for wages,Trainee Mechanical Engineer,Bachelor’s degree,"Therapy, join clubs/socual clubs/meet ups"
5/18/2016 12:28:26,Male,Straight,27,"$50,000 to $74,999",White non-Hispanic,Obese,Yes,No,No,5,Yes,No,I don't want help,No,Employed for wages,Teacher ,Bachelor’s degree,Other exercise
5/18/2016 12:29:40,Male,Straight,32,"$50,000 to $74,999",Asian,Normal weight,No,No,Yes and I have,10,Yes,Yes,"wingman/wingwoman, Set me up with a date",No,A homemaker,na,"Some college, no degree","Joined a gym/go to the gym, Other exercise, join clubs/socual clubs/meet ups"
5/18/2016 12:35:10,Male,Straight,27,"$30,000 to $39,999",White non-Hispanic,Normal weight,No,No,No,0,No,No,I don't want help,No,Employed for wages,engineer,Master’s degree,Joined a gym/go to the gym
5/18/2016 12:43:43,Male,Straight,20,$0,White non-Hispanic,Normal weight,Yes,Yes,No,0,No,Yes,"wingman/wingwoman, Set me up with a date, date coaching",No,A student,Student,Bachelor’s degree,Other exercise
5/18/2016 12:47:44,Male,Straight,18,$0,White non-Hispanic,Normal weight,Yes,No,No,5,No,No,date coaching,No,A student,CGMA Sudent,"Some college, no degree",join clubs/socual clubs/meet ups
5/18/2016 13:09:29,Male,Straight,22,"$1 to $10,000",White non-Hispanic,Normal weight,Yes,Yes,No,1,Yes,Yes,therapy,Yes,Employed for wages,cleaner,"Some high school, no diploma",Therapy
5/18/2016 13:14:18,Male,Straight,26,$0,White non-Hispanic,Normal weight,Yes,No,No,0,No,No,I don't want help,No,A student,-,"Some college, no degree","Joined a gym/go to the gym, Therapy, Other exercise, join clubs/socual clubs/meet ups"
5/18/2016 13:20:41,Male,Straight,22,$0,Black,Normal weight,Yes,No,No,25,Yes,Yes,I don't want help,Yes,Out of work and looking for work,Unemployed,"Some college, no degree","Joined a gym/go to the gym, Therapy"
5/18/2016 13:26:22,Male,Straight,23,"$20,000 to $29,999",White non-Hispanic,Normal weight,Yes,No,No,1,Yes,Yes,I don't want help,No,Employed for wages,Architectural Technician,Associate degree,None
5/18/2016 13:27:16,Female,Bisexual,41,$0,White non-Hispanic,Overweight,No,No,No,1,Yes,Yes,I don't want help,Yes,Out of work and looking for work,Librarian,"Some college, no degree","Cosmetic survey, Joined a gym/go to the gym, Therapy, Other exercise, join clubs/socual clubs/meet ups"
5/18/2016 14:09:34,Male,Straight,28,$0,Asian,Normal weight,No,No,Yes and I have,4,Yes,Yes,"wingman/wingwoman, Set me up with a date, date coaching",No,Out of work and looking for work,None,Professional degree,Other exercise
5/18/2016 14:15:46,Male,Straight,29,"$50,000 to $74,999",Asian,Overweight,Yes,No,Yes but I haven't,8,Yes,Yes,I don't want help,No,Employed for wages,Administrator,Bachelor’s degree,"Joined a gym/go to the gym, Other exercise, join clubs/socual clubs/meet ups"
5/18/2016 14:18:29,Female,Straight,19,"$1 to $10,000",White non-Hispanic,Normal weight,Yes,No,No,2,Yes,Yes,I don't want help,No,A student,n/a,"Some college, no degree","Cosmetic survey, Therapy, join clubs/socual clubs/meet ups"
5/18/2016 14:18:35,Male,Straight,21,"$40,000 to $49,999",White non-Hispanic,Overweight,Yes,No,No,0,Yes,Yes,I don't want help,Yes,Employed for wages,IT,"High school graduate, diploma or the equivalent (for example: GED)","Therapy, Other exercise"
5/18/2016 14:22:02,Male,Straight,19,$0,Asian,Normal weight,Yes,No,No,20,No,No,"wingman/wingwoman, Set me up with a date, date coaching",No,A student,Intern,Bachelor’s degree,None
5/18/2016 14:22:58,Male,Straight,19,$0,White non-Hispanic,Underweight,Yes,No,No,1,Yes,Yes,"I don't want help, Like, to be seen & treated like a normal person",No,A homemaker,Student,"Some college, no degree","Therapy, Other exercise, join clubs/socual clubs/meet ups"
5/18/2016 14:27:25,Male,Straight,20,$0,Hispanic (of any race),Normal weight,No,Yes,Yes and I have,7,Yes,Yes,I don't want help,No,A student,Undergrad student,"Some college, no degree",None
5/18/2016 14:27:31,Male,Straight,22,$0,White non-Hispanic,Normal weight,Yes,Yes,No,0,Yes,No,Set me up with a date,No,Out of work and looking for work,Unemployed,"Some college, no degree",None
5/18/2016 14:33:38,Male,Straight,20,"$1 to $10,000",White non-Hispanic,Overweight,Yes,No,Yes but I haven't,0,Yes,Yes,I don't want help,No,Employed for wages,Call operator,"High school graduate, diploma or the equivalent (for example: GED)",Joined a gym/go to the gym
5/18/2016 14:37:56,Male,Bisexual,25,"$10,000 to $19,999",White non-Hispanic,Normal weight,No,No,Yes but I haven't,7,Yes,No,Set me up with a date,No,Employed for wages,Courier,"Some college, no degree","Joined a gym/go to the gym, Other exercise, Play live in a band. "
5/18/2016 14:52:26,Male,Straight,30,"$10,000 to $19,999",Mixed white/asian,Overweight,Yes,No,No,4,Yes,Yes,I don't want help,No,Employed for wages,Stockroom Assistant,Master’s degree,Joined a gym/go to the gym
5/18/2016 14:58:17,Male,Straight,30,"$50,000 to $74,999",White non-Hispanic,Normal weight,Yes,No,Yes but I haven't,6,No,No,I don't want help,No,Employed for wages,Languages,Bachelor’s degree,Therapy
5/18/2016 15:02:09,Male,Straight,22,$0,Mixed,Normal weight,Yes,Yes,No,0,Yes,Yes,Set me up with a date,No,A student,Student,"High school graduate, diploma or the equivalent (for example: GED)","Therapy, Other exercise"
5/18/2016 15:14:25,Male,Straight,26,"$40,000 to $49,999",White non-Hispanic,Normal weight,Yes,No,No,3,No,No,I don't want help,No,Employed for wages,Engineer,Bachelor’s degree,"Other exercise, join clubs/socual clubs/meet ups"
5/18/2016 15:39:29,Male,Straight,36,"$40,000 to $49,999",White non-Hispanic,Obese,Yes,No,Yes but I haven't,0,Yes,Yes,I don't want help,No,Employed for wages,clerk,"Some college, no degree",None
5/18/2016 15:43:14,Male,Straight,23,"$30,000 to $39,999",White non-Hispanic,Normal weight,No,No,No,8,Yes,No,wingman/wingwoman,No,A student,Grad student,Bachelor’s degree,Other exercise
5/18/2016 15:49:52,Male,Bisexual,16,"$1 to $10,000",White non-Hispanic,Underweight,Yes,No,Yes but I haven't,0,Yes,Yes,Set me up with a date,Yes,A student,Herder,"High school graduate, diploma or the equivalent (for example: GED)",Called suicide hotlines
5/18/2016 15:56:31,Female,Straight,25,"$10,000 to $19,999",Asian,Normal weight,Yes,No,No,20,No,Yes,date coaching,No,Employed for wages,designer,Bachelor’s degree,join clubs/socual clubs/meet ups
5/18/2016 16:06:26,Female,Straight,37,"$10,000 to $19,999",Asian,Normal weight,Yes,No,No,1,No,No,Set me up with a date,No,Employed for wages,Administrative Officer,Bachelor’s degree,Joined a gym/go to the gym
5/18/2016 16:10:52,Male,Straight,24,$0,White non-Hispanic,Underweight,Yes,No,No,2,Yes,Yes,I don't want help,No,Unable to work,/,"Some college, no degree","Therapy, Other exercise"
5/18/2016 16:16:17,Male,Straight,21,$0,indian,Overweight,Yes,No,No,0,No,Yes,I don't want help,No,A student,student,"Some college, no degree","Joined a gym/go to the gym, Other exercise"
5/18/2016 16:26:15,Male,Straight,18,"$1 to $10,000",White non-Hispanic,Overweight,No,No,Yes but I haven't,4,Yes,No,"wingman/wingwoman, Set me up with a date, date coaching",No,A student,Gardener/Student,"Some high school, no diploma","Therapy, join clubs/socual clubs/meet ups"
5/18/2016 16:30:50,Male,Straight,23,$0,White non-Hispanic,Normal weight,No,No,No,20,No,No,I don't want help,No,Out of work and looking for work,unemployed,Bachelor’s degree,None
5/18/2016 16:45:55,Male,Straight,29,"$20,000 to $29,999",Asian,Overweight,No,No,No,0,Yes,Yes,Set me up with a date,No,Employed for wages,cook,"Some high school, no diploma",None
5/18/2016 16:54:02,Male,Straight,18,"$1 to $10,000",White non-Hispanic,Normal weight,Yes,No,No,12,No,Yes,I don't want help,No,Self-employed,Entrepreneur,"High school graduate, diploma or the equivalent (for example: GED)",Joined a gym/go to the gym
5/18/2016 17:06:18,Male,Straight,18,$0,White non-Hispanic,Normal weight,Yes,Yes,No,20,Yes,No,I don't want help,No,A student,student,"Some high school, no diploma","Joined a gym/go to the gym, Other exercise, join clubs/socual clubs/meet ups"
5/18/2016 17:21:23,Male,Straight,21,$0,White non-Hispanic,Underweight,Yes,No,No,2,Yes,Yes,I don't want help,No,Out of work and looking for work,No Job,"High school graduate, diploma or the equivalent (for example: GED)",None
5/18/2016 17:23:36,Male,Straight,18,$0,Asian,Normal weight,Yes,No,No,8,No,No,wingman/wingwoman,No,A student,Student ,"Some college, no degree","Joined a gym/go to the gym, join clubs/socual clubs/meet ups"
5/18/2016 17:26:15,Male,Straight,20,"$40,000 to $49,999",White non-Hispanic,Normal weight,Yes,No,Yes but I haven't,10,No,Yes,"Set me up with a date, date coaching",No,Military,.,"High school graduate, diploma or the equivalent (for example: GED)","Joined a gym/go to the gym, join clubs/socual clubs/meet ups"
5/18/2016 17:35:04,Male,Straight,39,"$30,000 to $39,999",Asian,Normal weight,No,No,Yes but I haven't,10,No,No,date coaching,Yes,Employed for wages,Cst analyst,"Some college, no degree","Joined a gym/go to the gym, Therapy"
5/18/2016 17:38:45,Male,Straight,30,"$75,000 to $99,999",Multi,Normal weight,No,No,Yes and I have,15,No,No,I don't want help,No,Employed for wages,Engineer,Master’s degree,Joined a gym/go to the gym
5/18/2016 17:41:25,Male,Bisexual,19,$0,White non-Hispanic,Overweight,Yes,No,No,1,Yes,Yes,I don't want help,No,Out of work and looking for work,Artist,"High school graduate, diploma or the equivalent (for example: GED)",Joined a gym/go to the gym
5/18/2016 17:50:03,Male,Straight,19,$0,White non-Hispanic,Normal weight,Yes,No,No,20,No,Yes,I don't want help,No,A student,Student,"Some college, no degree",None
5/18/2016 18:11:01,Male,Straight,26,"$50,000 to $74,999",Asian,Normal weight,No,No,No,60,No,No,I don't want help,No,Employed for wages,Research Associate,Bachelor’s degree,"Joined a gym/go to the gym, Other exercise"
5/18/2016 18:19:32,Male,Straight,22,"$50,000 to $74,999",White non-Hispanic,Obese,Yes,No,No,600,No,No,I don't want help,No,Employed for wages,Insurance agent. ,"Some college, no degree",Joined a gym/go to the gym
5/18/2016 18:22:30,Male,Straight,23,"$20,000 to $29,999",White non-Hispanic,Underweight,Yes,No,No,0,Yes,Yes,I don't want help,No,Employed for wages,mechanic,Trade/technical/vocational training,None
5/18/2016 18:29:58,Male,Straight,18,$0,White non-Hispanic,Normal weight,Yes,Yes,No,0,Yes,Yes,I don't want help,Yes,Self-employed,Programmer,"Some high school, no diploma",Other exercise
5/18/2016 18:31:55,Male,Straight,15,$0,Hispanic (of any race),Overweight,Yes,No,Yes but I haven't,5,No,Yes,wingman/wingwoman,No,Unable to work,student,"Some high school, no diploma","Joined a gym/go to the gym, join clubs/socual clubs/meet ups"
5/18/2016 18:32:30,Male,Straight,22,"$1 to $10,000",White non-Hispanic,Underweight,Yes,Yes,No,1,Yes,Yes,i lost faith and hope,Yes,A student,student?,"Some college, no degree",Joined a gym/go to the gym
5/18/2016 18:44:01,Male,Straight,26,"$10,000 to $19,999",White non-Hispanic,Overweight,Yes,No,No,1,Yes,Yes,I don't want help,No,Employed for wages,Sales Associate,Bachelor’s degree,None
5/18/2016 18:53:06,Male,Straight,30,"$20,000 to $29,999",White non-Hispanic,Overweight,No,No,Yes and I have,5,No,No,I don't want help,No,Employed for wages,Teacher,Bachelor’s degree,"Joined a gym/go to the gym, Therapy, Other exercise, join clubs/socual clubs/meet ups"
5/18/2016 18:54:31,Male,Straight,38,"$50,000 to $74,999",White non-Hispanic,Overweight,No,No,Yes but I haven't,7,Yes,Yes,I don't want help,Yes,Employed for wages,System Administrator,Trade/technical/vocational training,None
5/18/2016 18:55:04,Male,Straight,22,"$20,000 to $29,999",White non-Hispanic,Overweight,Yes,No,No,10,Yes,Yes,I don't want help,No,Employed for wages,Manager,"Some college, no degree",Joined a gym/go to the gym
5/18/2016 19:02:22,Female,Straight,20,"$50,000 to $74,999",Black,Normal weight,Yes,No,No,2,Yes,No,I don't want help,No,A student,Web desihner,Bachelor’s degree,None
5/18/2016 19:02:28,Male,Straight,24,"$20,000 to $29,999",White non-Hispanic,Normal weight,Yes,No,No,1,Yes,Yes,"wingman/wingwoman, Set me up with a date, date coaching, Any help",No,Self-employed,Language teacher,"Some high school, no diploma",None
5/18/2016 19:10:28,Male,Straight,31,$0,White non-Hispanic,Normal weight,Yes,Yes,No,30,No,No,I don't want help,No,Out of work but not currently looking for work,none,Master’s degree,"Other exercise, join clubs/socual clubs/meet ups"
5/18/2016 19:11:07,Male,Straight,20,"$1 to $10,000",White non-Hispanic,Normal weight,Yes,Yes,No,20,Yes,Yes,I don't want help,No,A student,Student,"Some college, no degree",Other exercise
5/18/2016 19:11:37,Male,Straight,21,$0,White non-Hispanic,Overweight,Yes,No,Yes but I haven't,2,Yes,No,"I don't want help, kill me",No,Out of work and looking for work,none,"High school graduate, diploma or the equivalent (for example: GED)",Joined a gym/go to the gym
5/18/2016 19:36:46,Male,Straight,23,"$1 to $10,000",White non-Hispanic,Overweight,Yes,Yes,No,3,Yes,Yes,I don't want help,No,A student,none,"Some college, no degree",None
5/18/2016 19:55:31,Male,Straight,20,$0,White non-Hispanic,Normal weight,Yes,No,No,5,Yes,No,"wingman/wingwoman, Set me up with a date",No,Military,Student,Associate degree,"Other exercise, join clubs/socual clubs/meet ups"
5/18/2016 19:59:35,Female,Straight,27,"$30,000 to $39,999",Hispanic (of any race),Normal weight,Yes,No,No,3,No,No,I don't want help,No,Employed for wages,Sales manager,Bachelor’s degree,Joined a gym/go to the gym
5/18/2016 20:21:12,Male,Straight,30,$0,White non-Hispanic,Obese,Yes,No,No,0,No,No,I don't want help,No,A student,none,"Some college, no degree",None
5/18/2016 20:27:47,Male,Straight,23,$0,Asian,Overweight,No,No,Yes but I haven't,4,No,Yes,"wingman/wingwoman, Set me up with a date, date coaching",Yes,A student,jpo;,"High school graduate, diploma or the equivalent (for example: GED)",None
5/18/2016 20:42:15,Male,Straight,25,"$1 to $10,000",Native American mix,Overweight,Yes,No,Yes but I haven't,6,Yes,Yes,I don't want help,No,Employed for wages,Janitor,"High school graduate, diploma or the equivalent (for example: GED)",Lose weight
5/18/2016 22:12:35,Female,Straight,22,"$10,000 to $19,999",White non-Hispanic,Normal weight,Yes,No,No,0.2,No,No,Set me up with a date,No,A student,None,Master’s degree,"Other exercise, join clubs/socual clubs/meet ups"
5/18/2016 22:25:37,Male,Straight,20,$0,White non-Hispanic,Normal weight,Yes,Yes,No,6,Yes,Yes,"wingman/wingwoman, Set me up with a date",No,A student,student,Bachelor’s degree,"Joined a gym/go to the gym, Therapy"
5/18/2016 22:44:29,Female,Straight,24,"$30,000 to $39,999",Hispanic (of any race),Overweight,No,No,No,10,No,Yes,date coaching,No,Self-employed,Data and development,Bachelor’s degree,"Other exercise, Hair, makeup, clothing"
5/18/2016 22:47:23,Male,Straight,19,"$20,000 to $29,999",White non-Hispanic,Normal weight,Yes,No,No,10,No,Yes,Set me up with a date,No,A student,Not working ,"Some college, no degree",Joined a gym/go to the gym
5/18/2016 22:51:34,Female,Bisexual,21,$0,Hispanic (of any race),Overweight,No,No,Yes but I haven't,2,No,No,"wingman/wingwoman, Set me up with a date, date coaching",Yes,A student,Student,"Some college, no degree","Joined a gym/go to the gym, Therapy"
5/18/2016 23:00:50,Male,Straight,20,"$10,000 to $19,999",White non-Hispanic,Overweight,Yes,No,Yes but I haven't,5,No,No,I don't want help,No,Employed for wages,Cashier,"Some college, no degree",None
5/18/2016 23:21:49,Female,Bisexual,23,"$10,000 to $19,999",Black,Normal weight,Yes,Yes,No,3,Yes,Yes,I don't want help,Yes,Out of work and looking for work,Clerk,Master’s degree,"Other exercise, join clubs/socual clubs/meet ups"
5/18/2016 23:37:23,Male,Straight,22,"$1 to $10,000",White non-Hispanic,Normal weight,Yes,No,No,3,Yes,Yes,"wingman/wingwoman, Set me up with a date",No,Self-employed,Graphic designer,Associate degree,Other exercise
5/18/2016 23:46:31,Male,Straight,18,$0,White non-Hispanic,Overweight,Yes,Yes,No,5,Yes,Yes,Emotional support,No,A student,Student,"Some high school, no diploma",join clubs/socual clubs/meet ups
5/18/2016 23:56:57,Female,Straight,20,"$1 to $10,000",White non-Hispanic,Normal weight,Yes,No,No,2,Yes,Yes,Set me up with a date,No,A student,student,"Some college, no degree",Other exercise
5/19/2016 0:13:35,Male,Straight,23,"$40,000 to $49,999",White non-Hispanic,Normal weight,No,Yes,No,0,No,No,I don't want help,No,Employed for wages,---,Bachelor’s degree,"Joined a gym/go to the gym, Other exercise"
5/19/2016 0:51:23,Female,Bisexual,21,$0,Asian,Normal weight,No,No,No,0,Yes,Yes,Set me up with a date,No,A student,student,"Some college, no degree","Therapy, join clubs/socual clubs/meet ups"
5/19/2016 0:57:15,Male,Straight,18,"$10,000 to $19,999",White non-Hispanic,Underweight,Yes,No,No,5,Yes,Yes,I don't want help,No,A student,Lawm Maintenance,"High school graduate, diploma or the equivalent (for example: GED)",None
5/19/2016 1:25:38,Female,Bisexual,20,$0,White non-Hispanic,Normal weight,Yes,No,No,15,Yes,Yes,I don't want help,No,A student,University Student,Bachelor’s degree,"Joined a gym/go to the gym, Therapy, join clubs/socual clubs/meet ups"
5/19/2016 1:27:00,Male,Straight,20,"$1 to $10,000",Hispanic (of any race),Overweight,Yes,No,Yes but I haven't,4,Yes,Yes,I don't want help,Yes,A student,Retail ,"Some college, no degree",Other exercise
5/19/2016 3:32:05,Male,Straight,18,$0,White non-Hispanic,Normal weight,Yes,No,No,3,No,Yes,I don't want help,Yes,Out of work and looking for work,Unemployed,"Some college, no degree","Other exercise, join clubs/socual clubs/meet ups"
5/19/2016 4:55:27,Male,Straight,25,$0,White non-Hispanic,Normal weight,No,Yes,Yes and I have,0,No,Yes,I don't want help,No,A student,college,"High school graduate, diploma or the equivalent (for example: GED)","Joined a gym/go to the gym, Other exercise"
5/19/2016 5:07:20,Male,Straight,24,$0,White non-Hispanic,Normal weight,No,Yes,Yes and I have,0,Yes,Yes,Set me up with a date,No,Out of work and looking for work,,"High school graduate, diploma or the equivalent (for example: GED)","Joined a gym/go to the gym, Therapy, Other exercise, join clubs/socual clubs/meet ups"
5/19/2016 6:20:12,Female,Bisexual,20,$0,White non-Hispanic,Obese,Yes,No,No,1,Yes,Yes,just more friends/greater social life in general tbh,No,A student,undergraduate,"High school graduate, diploma or the equivalent (for example: GED)",Therapy
5/19/2016 6:59:37,Male,Straight,22,"$1 to $10,000",White non-Hispanic,Normal weight,Yes,Yes,No,5,No,No,Set me up with a date,No,Out of work and looking for work,Student,Trade/technical/vocational training,"Cosmetic survey, Joined a gym/go to the gym, Other exercise"
5/19/2016 7:50:46,Male,Gay/Lesbian,21,"$10,000 to $19,999",White non-Hispanic,Normal weight,No,No,No,3,Yes,Yes,I don't want help,No,Employed for wages,Sales clerk,"Some college, no degree","Therapy, Other exercise"
5/19/2016 8:46:30,Male,Straight,39,"$10,000 to $19,999",White non-Hispanic,Normal weight,Yes,Yes,No,5,Yes,No,I don't want help,No,Employed for wages,Admin assistant,"High school graduate, diploma or the equivalent (for example: GED)",Therapy
5/19/2016 9:03:32,Male,Straight,20,"$20,000 to $29,999",White non-Hispanic,Overweight,Yes,Yes,Yes and I have,1,Yes,Yes,I don't want help,No,Employed for wages,Shit kicker,"Some high school, no diploma",Joined a gym/go to the gym
5/19/2016 9:39:41,Female,Straight,23,"$40,000 to $49,999",Asian,Normal weight,No,No,No,5,Yes,Yes,I don't want help,Yes,Out of work and looking for work,Accountant,Bachelor’s degree,Joined a gym/go to the gym
5/19/2016 15:17:48,Male,Straight,30,"$30,000 to $39,999",White non-Hispanic,Normal weight,Yes,No,No,0,No,Yes,I don't want help,Yes,Employed for wages,postman,"High school graduate, diploma or the equivalent (for example: GED)",None
5/19/2016 15:29:02,Male,Straight,25,"$20,000 to $29,999",Asian,Overweight,Yes,Yes,No,7,No,No,Set me up with a date,No,Employed for wages,stocker,"High school graduate, diploma or the equivalent (for example: GED)",Other exercise
5/19/2016 16:31:02,Male,Straight,18,$0,White non-Hispanic,Normal weight,Yes,No,No,2,Yes,No,I don't want help,No,Out of work but not currently looking for work,out of work,"High school graduate, diploma or the equivalent (for example: GED)",None
5/19/2016 17:21:19,Male,Straight,19,$0,White non-Hispanic,Overweight,Yes,No,No,4,No,No,"wingman/wingwoman, Set me up with a date, date coaching",No,A student,Student,"Some college, no degree",None
5/19/2016 17:24:06,Male,Straight,18,$0,White non-Hispanic,Normal weight,Yes,No,No,20,Yes,No,I don't want help,No,A student,Student ,"Some college, no degree","Joined a gym/go to the gym, join clubs/socual clubs/meet ups"
5/19/2016 18:41:27,Male,Straight,23,"$30,000 to $39,999",White non-Hispanic,Normal weight,Yes,No,No,7,Yes,Yes,I don't want help,No,Out of work but not currently looking for work,Developer,Bachelor’s degree,None
5/19/2016 19:11:55,Male,Straight,28,"$10,000 to $19,999",White non-Hispanic,Obese,Yes,No,No,4,Yes,Yes,Set me up with a date,Yes,Employed for wages,Stocker,"Some college, no degree",None
5/19/2016 19:36:15,Male,Straight,18,"$10,000 to $19,999",White non-Hispanic,Normal weight,Yes,No,No,6,Yes,No,"wingman/wingwoman, Set me up with a date, date coaching",No,Employed for wages,Waiter,"Some high school, no diploma",Other exercise
5/19/2016 19:38:25,Male,Straight,21,$0,North African,Normal weight,Yes,No,No,0,Yes,Yes,Teach me how to talk to people,No,A student,Finance student,Master’s degree,"Other exercise, join clubs/socual clubs/meet ups"
5/19/2016 20:03:19,Female,Bisexual,30,"$50,000 to $74,999",White non-Hispanic,Normal weight,Yes,No,Yes but I haven't,2,No,Yes,"I don't want help, More general stuff",Yes,Employed for wages,Not telling,Bachelor’s degree,"Cosmetic survey, Joined a gym/go to the gym, Therapy, Other exercise, join clubs/socual clubs/meet ups, Fashion makeup personality etc"
5/19/2016 22:48:05,Male,Straight,21,"$1 to $10,000",White non-Hispanic,Normal weight,Yes,No,No,2,No,No,I don't want help,No,Out of work and looking for work,tutor,Associate degree,Joined a gym/go to the gym
5/20/2016 0:02:59,Male,Bisexual,21,$0,Asian,Normal weight,Yes,Yes,No,3,No,Yes,I don't want help,No,Out of work and looking for work,Unemployed,"Some college, no degree",Other exercise
5/20/2016 3:06:30,Male,Straight,14,$0,Half Asian half white,Normal weight,Yes,No,Yes but I haven't,1,Yes,Yes,I don't want help,No,A student,,"Some high school, no diploma","Joined a gym/go to the gym, join clubs/socual clubs/meet ups"
5/20/2016 10:38:33,Male,Straight,22,$0,White non-Hispanic,Normal weight,Yes,No,Yes but I haven't,1,Yes,Yes,date coaching,No,Out of work but not currently looking for work,,Trade/technical/vocational training,"Joined a gym/go to the gym, Therapy, join clubs/socual clubs/meet ups"
5/20/2016 13:20:21,Male,Straight,33,"$40,000 to $49,999",White non-Hispanic,Overweight,No,No,Yes but I haven't,1,Yes,Yes,Set me up with a date,No,Employed for wages,Consultant,"Some college, no degree",Losing weight through better diet. No exercise yet. 
5/20/2016 14:14:30,Male,Straight,24,"$50,000 to $74,999",Asian,Normal weight,Yes,Yes,No,13,Yes,Yes,"wingman/wingwoman, date coaching",No,Employed for wages,analyst,Bachelor’s degree,Other exercise
5/20/2016 19:04:39,Male,Straight,17,$0,White non-Hispanic,Normal weight,Yes,No,No,5,Yes,No,"Set me up with a date, date coaching",No,A student,Student ,"High school graduate, diploma or the equivalent (for example: GED)","Joined a gym/go to the gym, join clubs/socual clubs/meet ups"
5/21/2016 1:09:01,Male,Bisexual,28,"$20,000 to $29,999",White non-Hispanic,Obese,Yes,No,Yes but I haven't,0,Yes,Yes,I don't want help,No,Employed for wages,Carer,"High school graduate, diploma or the equivalent (for example: GED)",None
5/21/2016 4:55:48,Male,Straight,18,"$1 to $10,000",White non-Hispanic,Normal weight,Yes,No,No,0,Yes,Yes,Set me up with a date,No,A student,I'm a student ,"Some high school, no diploma",Changed my hairstyle and lost weight 
5/21/2016 5:39:46,Male,Straight,18,$0,White non-Hispanic,Normal weight,Yes,No,No,1,Yes,No,"wingman/wingwoman, Set me up with a date, date coaching",No,A student,none,"Some high school, no diploma","Cosmetic survey, Joined a gym/go to the gym, join clubs/socual clubs/meet ups"
5/21/2016 6:11:46,Male,Straight,27,"$1 to $10,000",White non-Hispanic,Overweight,Yes,No,Yes but I haven't,2,Yes,Yes,I don't want help,No,Out of work but not currently looking for work,na,"High school graduate, diploma or the equivalent (for example: GED)",Other exercise
5/21/2016 9:40:35,Male,Straight,18,$0,Asian,Underweight,Yes,No,No,7,No,Yes,"wingman/wingwoman, Set me up with a date",No,A student,student,"Some college, no degree",None
5/21/2016 15:29:09,Male,Straight,48,"$30,000 to $39,999",White non-Hispanic,Normal weight,No,No,Yes but I haven't,0,Yes,Yes,"wingman/wingwoman, Set me up with a date, date coaching",No,Self-employed,real estate,Master’s degree,"Joined a gym/go to the gym, Other exercise, go to bars"
5/21/2016 18:00:49,Male,Straight,29,"$30,000 to $39,999",White non-Hispanic,Normal weight,Yes,Yes,No,40,Yes,Yes,I don't want help,No,Employed for wages,Operations executive,Bachelor’s degree,Other exercise
5/22/2016 2:29:36,Male,Straight,20,"$1 to $10,000",Asian,Underweight,Yes,No,Yes but I haven't,2,No,No,"Set me up with a date, date coaching",No,A student,Student,Bachelor’s degree,join clubs/socual clubs/meet ups
5/22/2016 12:38:59,Male,Straight,20,"$10,000 to $19,999",White non-Hispanic,Underweight,Yes,Yes,Yes but I haven't,0,Yes,Yes,"wingman/wingwoman, Set me up with a date, date coaching",No,A student,law (enforcement) officer,"High school graduate, diploma or the equivalent (for example: GED)",None
5/22/2016 12:43:15,Male,Straight,20,$0,White non-Hispanic,Underweight,Yes,Yes,Yes but I haven't,0,Yes,Yes,"wingman/wingwoman, Set me up with a date, date coaching",No,Out of work and looking for work,Nothing,"Some college, no degree",None
5/22/2016 12:43:20,Male,Straight,20,$0,White non-Hispanic,Underweight,Yes,Yes,Yes but I haven't,0,Yes,Yes,"wingman/wingwoman, Set me up with a date, date coaching",No,Out of work and looking for work,Nothing,"Some college, no degree",None
5/22/2016 12:44:48,Male,Straight,18,$0,White non-Hispanic,Overweight,Yes,No,No,30,No,No,I don't want help,No,A student,nothing,"Some high school, no diploma",None
5/22/2016 12:45:39,Male,Straight,19,$0,White non-Hispanic,Normal weight,Yes,No,Yes but I haven't,1,Yes,No,I don't want help,No,A student,none,"High school graduate, diploma or the equivalent (for example: GED)","Joined a gym/go to the gym, Therapy, Other exercise"
5/22/2016 13:11:35,Female,Straight,25,"$10,000 to $19,999",White non-Hispanic,Normal weight,No,No,No,8,No,No,I don't want help,No,Employed for wages,Cashier,"Some college, no degree",Joined a gym/go to the gym
5/22/2016 13:39:57,Male,Straight,25,"$50,000 to $74,999",Mixed,Normal weight,No,No,No,12,No,No,I don't want help,No,Employed for wages,Consultant,Master’s degree,Other exercise
5/22/2016 13:55:14,Male,Bisexual,21,$0,White non-Hispanic,Underweight,Yes,No,No,0,No,Yes,I don't know,Yes,A student,no job,"Some college, no degree","work out at home, eat more"
5/22/2016 14:01:36,Male,Straight,20,"$1 to $10,000",White non-Hispanic,Overweight,Yes,No,No,6,Yes,Yes,"wingman/wingwoman, Set me up with a date, date coaching",No,A student,Student employee,"Some college, no degree","Joined a gym/go to the gym, Therapy, Other exercise, join clubs/socual clubs/meet ups"
5/22/2016 14:04:52,Female,Straight,23,"$20,000 to $29,999",Black,Overweight,No,No,No,15,No,Yes,"wingman/wingwoman, Set me up with a date, date coaching",Yes,Employed for wages,Usher ,"Some college, no degree",None
5/22/2016 14:12:23,Male,Straight,24,"$1 to $10,000",White non-Hispanic,Normal weight,Yes,No,Yes but I haven't,1,No,No,"wingman/wingwoman, Set me up with a date",No,Employed for wages,Part time paperboy,"Some college, no degree","Joined a gym/go to the gym, join clubs/socual clubs/meet ups"
5/22/2016 14:16:06,Male,Straight,42,"$150,000 or more",White non-Hispanic,Overweight,Yes,No,No,0,No,No,I don't want help,No,Employed for wages,Principal Software Engineer,"Some college, no degree",Non-physical forms of improvement
5/22/2016 14:22:12,Male,Straight,32,"$30,000 to $39,999",White non-Hispanic,Normal weight,Yes,No,No,5,Yes,No,"wingman/wingwoman, Set me up with a date, date coaching",No,Out of work and looking for work,j,"High school graduate, diploma or the equivalent (for example: GED)",join clubs/socual clubs/meet ups
5/22/2016 15:00:49,Male,Straight,21,"$10,000 to $19,999",White non-Hispanic,Overweight,No,No,No,2,Yes,Yes,I don't want help,No,A student,business representative (have in mind that I am from Poland),"Some college, no degree","Cosmetic survey, Joined a gym/go to the gym, Therapy, Other exercise"
5/22/2016 15:04:05,Male,Straight,21,"$1 to $10,000",Black,Normal weight,Yes,No,No,0,Yes,Yes,"wingman/wingwoman, Set me up with a date",No,A student,student,"Some high school, no diploma",Therapy
5/22/2016 15:12:32,Female,Bisexual,21,$0,Hispanic (of any race),Normal weight,Yes,No,No,3,Yes,Yes,I don't want help,No,A student,None,Bachelor’s degree,Therapy
5/22/2016 15:15:11,Male,Straight,16,$0,Hispanic (of any race),Normal weight,Yes,No,Yes but I haven't,0,Yes,Yes,I don't want help,No,Out of work but not currently looking for work,no,"Some high school, no diploma","Cosmetic survey, Joined a gym/go to the gym, Therapy, Other exercise"
5/22/2016 15:18:26,Male,Straight,38,"$125,000 to $149,999",White non-Hispanic,Underweight,Yes,No,No,0,Yes,Yes,I used to want all of those things. Now it is too late for any of them to make a difference.,Yes,Employed for wages,Software Engineer,Bachelor’s degree,"Joined a gym/go to the gym, Therapy, join clubs/socual clubs/meet ups"
5/22/2016 15:32:28,Female,Gay/Lesbian,20,$0,White non-Hispanic,Normal weight,No,Yes,No,2,No,No,I don't want help,Yes,A student,Student (comp sci),Bachelor’s degree,"Joined a gym/go to the gym, Therapy, Other exercise, join clubs/socual clubs/meet ups"
5/22/2016 15:54:14,Male,Straight,24,"$10,000 to $19,999",White non-Hispanic,Normal weight,Yes,Yes,Yes but I haven't,5,Yes,No,I don't want help,No,Employed for wages,production engineer,Master’s degree,"Joined a gym/go to the gym, Other exercise, join clubs/socual clubs/meet ups"
5/22/2016 16:05:06,Male,Straight,22,$0,White non-Hispanic,Overweight,No,Yes,Yes and I have,2,No,No,I don't want help,No,A student,none,"Some college, no degree",None
5/22/2016 16:14:04,Male,Straight,18,$0,White non-Hispanic,Normal weight,Yes,Yes,No,5,Yes,Yes,wingman/wingwoman,No,A student,student,"High school graduate, diploma or the equivalent (for example: GED)",Other exercise
5/22/2016 16:36:17,Male,Straight,18,$0,White non-Hispanic,Underweight,Yes,No,No,12,Yes,Yes,I don't want help,No,A student,Student,"High school graduate, diploma or the equivalent (for example: GED)",None
5/22/2016 16:44:22,Male,Straight,23,"$40,000 to $49,999",Asian,Normal weight,Yes,No,Yes but I haven't,4,No,No,"wingman/wingwoman, Set me up with a date, invite me to shit please",No,Employed for wages,Audit associate,Professional degree,"Therapy, join clubs/socual clubs/meet ups"
5/22/2016 17:04:12,Male,Straight,23,"$20,000 to $29,999",White non-Hispanic,Normal weight,Yes,Yes,Yes but I haven't,2,Yes,Yes,"wingman/wingwoman, Set me up with a date, date coaching",No,Military,2nd lieutenant,Master’s degree,"Joined a gym/go to the gym, Therapy"
5/22/2016 17:10:01,Male,Straight,21,"$20,000 to $29,999",Asian,Normal weight,Yes,No,No,9,No,Yes,"wingman/wingwoman, Set me up with a date",No,Employed for wages,Not Disclosing This,"High school graduate, diploma or the equivalent (for example: GED)","Joined a gym/go to the gym, Other exercise, join clubs/socual clubs/meet ups"
5/22/2016 17:44:58,Male,Bisexual,24,$0,White and Native American,Obese,Yes,No,Yes but I haven't,3,Yes,Yes,"wingman/wingwoman, Set me up with a date",Yes,Out of work but not currently looking for work,None,"Some high school, no diploma","Other exercise, None"
5/22/2016 19:01:53,Male,Straight,22,$0,White non-Hispanic,Underweight,Yes,No,No,0,Yes,Yes,I don't want help,No,Out of work but not currently looking for work,n/a,"Some college, no degree",None
5/22/2016 19:04:07,Female,Straight,17,"$1 to $10,000",White non-Hispanic,Overweight,Yes,Yes,No,10,No,Yes,I don't want help,No,A student,Waitress,"Some high school, no diploma","Other exercise, Losing weight"
5/22/2016 19:51:39,Male,Bisexual,34,"$100,000 to $124,999",White non-Hispanic,Obese,No,No,Yes but I haven't,2,Yes,Yes,I don't want help,No,Employed for wages,Software Developer,"Some college, no degree","Joined a gym/go to the gym, Therapy"
5/22/2016 20:00:12,Male,Bisexual,26,"$1 to $10,000","First two answers. Gender is androgyne, not male; sexuality is asexual, not bi.",Normal weight,No,No,No,0,Yes,Yes,I don't want help,Yes,Self-employed,artist,Bachelor’s degree,"Other exercise, learn new skills"
5/22/2016 22:21:42,Male,Straight,27,"$50,000 to $74,999",White non-Hispanic,Obese,Yes,No,No,1,Yes,Yes,I don't want help,No,A student,Auditor,Master’s degree,Other exercise
5/22/2016 22:24:26,Male,Straight,19,$0,White non-Hispanic,Overweight,Yes,No,Yes but I haven't,3,Yes,Yes,I don't want help,No,Out of work but not currently looking for work,Unemployed,"Some high school, no diploma",None
5/23/2016 3:16:33,Male,Straight,15,$0,White non-Hispanic,Underweight,Yes,No,Yes but I haven't,1,Yes,Yes,I don't want help,No,Out of work but not currently looking for work,Why is this obligatory?,"Some high school, no diploma",None
5/23/2016 3:27:01,Male,Straight,31,"$1 to $10,000",White non-Hispanic,Normal weight,No,No,No,0,No,Yes,I don't want help,No,Self-employed,Software developer,"Some college, no degree",Other exercise
5/23/2016 3:34:05,Male,Straight,17,"$1 to $10,000",White non-Hispanic,Overweight,Yes,No,No,3,Yes,Yes,I don't want help,Yes,A student,High School Senior,"High school graduate, diploma or the equivalent (for example: GED)","Other exercise, join clubs/socual clubs/meet ups"
5/23/2016 4:12:06,Male,Straight,22,"$1 to $10,000",White non-Hispanic,Normal weight,Yes,Yes,Yes but I haven't,0,Yes,Yes,wingman/wingwoman,No,A student,Student / parttime web developer,"High school graduate, diploma or the equivalent (for example: GED)","Joined a gym/go to the gym, Other exercise"
5/23/2016 5:50:18,Female,Straight,21,$0,Asian,Underweight,No,No,No,1,Yes,No,I don't want help,No,A homemaker,None,"Some college, no degree",None
5/23/2016 5:50:29,Female,Bisexual,19,$0,White non-Hispanic,Normal weight,Yes,No,No,1,Yes,Yes,I don't want help,Yes,Out of work but not currently looking for work,none,"Some high school, no diploma",Therapy
5/23/2016 8:14:53,Male,Bisexual,26,$0,European,Underweight,Yes,Yes,No,0,Yes,Yes,I don't want help,Yes,Unable to work,Disabled,"Some high school, no diploma","Therapy, Other exercise, None"
5/23/2016 8:38:27,Male,Straight,24,"$1 to $10,000",White non-Hispanic,Underweight,Yes,No,Yes but I haven't,4,Yes,Yes,I have no idea,No,Employed for wages,Admin,"Some college, no degree",None
5/23/2016 13:13:39,Male,Straight,18,$0,White non-Hispanic,Underweight,Yes,Yes,No,0,Yes,No,I don't want help,No,A student,Student,"Some high school, no diploma",Therapy
5/23/2016 13:29:58,Transgender female,Straight,25,"$1 to $10,000",White non-Hispanic,Normal weight,Yes,No,No,5,Yes,Yes,I don't want help,Yes,Out of work and looking for work,Unemployed,"Some college, no degree","Joined a gym/go to the gym, Therapy, join clubs/socual clubs/meet ups"
5/23/2016 13:50:30,Male,Straight,23,"$10,000 to $19,999",White non-Hispanic,Underweight,Yes,Yes,Yes but I haven't,0,Yes,Yes,I don't want help,No,A student,none,"Some college, no degree",Joined a gym/go to the gym
5/23/2016 15:13:05,Male,Straight,25,"$30,000 to $39,999",White non-Hispanic,Normal weight,No,No,No,20,No,No,I don't want help,No,Employed for wages,Freight Broker,Associate degree,"Joined a gym/go to the gym, Other exercise, join clubs/socual clubs/meet ups"
5/23/2016 15:46:30,Male,Bisexual,33,"$30,000 to $39,999",White non-Hispanic,Normal weight,No,No,No,25,No,No,"wingman/wingwoman, Set me up with a date",No,Employed for wages,Coordinator,"Some college, no degree","Joined a gym/go to the gym, Other exercise, join clubs/socual clubs/meet ups"
5/23/2016 18:02:09,Female,Straight,21,"$1 to $10,000",White non-Hispanic,Normal weight,No,No,No,4,Yes,Yes,I don't want help,No,A student,Research assistant,"Some college, no degree","Joined a gym/go to the gym, Therapy, Other exercise"
5/23/2016 21:21:36,Female,Straight,30,"$10,000 to $19,999",White non-Hispanic,Normal weight,No,No,No,12,No,Yes,Set me up with a date,No,Self-employed,freelance technical theatre,"Some college, no degree","Joined a gym/go to the gym, Therapy"
5/24/2016 3:43:19,Male,Straight,22,"$10,000 to $19,999",Black,Overweight,Yes,No,Yes but I haven't,2,Yes,Yes,I don't want help,Yes,Employed for wages,Retail Associate,Associate degree,"Therapy, Other exercise"
5/24/2016 8:48:42,Male,Straight,24,"$1 to $10,000",White non-Hispanic,Normal weight,Yes,No,No,0,No,Yes,I don't want help,No,Employed for wages,it,"Some college, no degree","Joined a gym/go to the gym, join clubs/socual clubs/meet ups"
5/24/2016 11:23:07,Male,Straight,18,$0,White non-Hispanic,Normal weight,Yes,No,No,1,No,No,"wingman/wingwoman, Set me up with a date",No,A student,Student ,"High school graduate, diploma or the equivalent (for example: GED)",Other exercise
5/24/2016 11:53:26,Female,Bisexual,37,"$40,000 to $49,999",Hispanic (of any race),Obese,No,No,No,400,No,No,I don't want help,No,Employed for wages,Administrative Assistant,"Some college, no degree","Cosmetic surgery, Joined a gym/go to the gym, Other exercise, join clubs/socual clubs/meet ups"
5/24/2016 12:38:04,Male,Straight,26,"$20,000 to $29,999",Hispanic (of any race),Normal weight,Yes,Yes,No,1,Yes,Yes,I don't want help,No,Employed for wages,Technician ,Associate degree,None
5/24/2016 19:02:34,Male,Straight,21,"$10,000 to $19,999",White non-Hispanic,Overweight,No,No,No,3,No,Yes,"wingman/wingwoman, Set me up with a date, date coaching",No,Employed for wages,Transport,"High school graduate, diploma or the equivalent (for example: GED)",None
5/24/2016 23:03:18,Male,Straight,26,$0,Hispanic (of any race),Normal weight,Yes,Yes,Yes but I haven't,0,Yes,Yes,I don't want help,No,Out of work but not currently looking for work,none,"Some high school, no diploma",None
5/25/2016 10:33:04,Female,Straight,20,"$1 to $10,000",White non-Hispanic,Normal weight,Yes,No,No,2,Yes,Yes,I don't want help,No,Employed for wages,Cleaner,"High school graduate, diploma or the equivalent (for example: GED)","Joined a gym/go to the gym, Other exercise, join clubs/socual clubs/meet ups"
5/25/2016 12:50:09,Female,Straight,23,$0,White non-Hispanic,Normal weight,Yes,No,No,2,Yes,No,Set me up with a date,No,A student,I don't have a job,Bachelor’s degree,"Joined a gym/go to the gym, join clubs/socual clubs/meet ups"
5/26/2016 13:19:42,Male,Bisexual,26,"$10,000 to $19,999",Hispanic (of any race),Normal weight,No,No,No,15,Yes,No,I don't want help,Yes,Self-employed,Marketing,"High school graduate, diploma or the equivalent (for example: GED)",Other exercise
5/26/2016 18:41:04,Male,Straight,16,$0,White non-Hispanic,Underweight,Yes,No,No,0,Yes,Yes,Set me up with a date,Yes,A student,na,"Some high school, no diploma",None
5/26/2016 20:36:35,Male,Straight,24,"$30,000 to $39,999",White non-Hispanic,Overweight,No,No,No,6,No,No,I don't want help,No,Employed for wages,Screener,"Some college, no degree","Other exercise, Joined the US Navy"
5/27/2016 3:24:20,Male,Straight,22,$0,Hispanic (of any race),Overweight,Yes,No,No,0,Yes,Yes,date coaching,Yes,A student,Student,"Some college, no degree",Therapy
5/27/2016 10:36:04,Female,Bisexual,20,"$1 to $10,000",Black,Normal weight,Yes,Yes,No,3,Yes,Yes,date coaching,Yes,A student,       🌚,"High school graduate, diploma or the equivalent (for example: GED)","Joined a gym/go to the gym, Therapy, Other exercise, join clubs/socual clubs/meet ups"
5/28/2016 11:36:27,Male,Straight,25,"$10,000 to $19,999",White non-Hispanic,Normal weight,No,No,No,0,No,No,Set me up with a date,No,Employed for wages,"Program Manager, Non-profit",Associate degree,"Other exercise, join clubs/socual clubs/meet ups"
5/28/2016 13:57:49,Male,Straight,23,$0,White non-Hispanic,Normal weight,Yes,No,Yes but I haven't,0,Yes,Yes,I don't want help,No,Out of work but not currently looking for work,NEET parasite,"Some college, no degree","Joined a gym/go to the gym, Therapy"
5/28/2016 14:01:59,Male,Straight,25,$0,White non-Hispanic,Overweight,Yes,No,No,3,No,Yes,"wingman/wingwoman, date coaching",No,A student,T,Professional degree,Other exercise
5/28/2016 14:03:43,Male,Straight,27,"$1 to $10,000",White non-Hispanic,Overweight,Yes,Yes,No,5,No,Yes,wingman/wingwoman,Yes,A student,Designer,"Some high school, no diploma","Joined a gym/go to the gym, Other exercise, join clubs/socual clubs/meet ups"
5/28/2016 16:46:11,Male,Straight,23,"$30,000 to $39,999",White non-Hispanic,Normal weight,No,No,No,10,No,No,wingman/wingwoman,No,Employed for wages,Account Manager,Bachelor’s degree,"Joined a gym/go to the gym, join clubs/socual clubs/meet ups"
5/28/2016 17:04:03,Female,Straight,25,$0,White non-Hispanic,Normal weight,Yes,No,No,2,Yes,No,I don't want help,No,A student,student teacher,Bachelor’s degree,Other exercise
5/28/2016 20:36:53,Male,Straight,22,"$1 to $10,000",Black,Normal weight,Yes,No,No,15,No,No,Set me up with a date,No,A student,Guest Advisor,"Some college, no degree",None
5/28/2016 20:56:31,Male,Straight,23,$0,White non-Hispanic,Normal weight,Yes,No,No,2,Yes,No,I don't want help,No,A student,...,"Some college, no degree","Therapy, Other exercise"
5/28/2016 21:42:27,Female,Straight,21,"$10,000 to $19,999",Black,Overweight,No,No,No,0,Yes,No,I don't want help,No,Employed for wages,customer service,"Some college, no degree",None
5/28/2016 21:57:42,Female,Straight,31,"$40,000 to $49,999",White non-Hispanic,Overweight,No,No,No,30,Yes,Yes,I don't want help,No,Employed for wages,Teacher,Master’s degree,Therapy
5/28/2016 23:20:15,Male,Straight,18,$0,White non-Hispanic,Normal weight,Yes,No,No,2,Yes,Yes,date coaching,No,A student,None,"Some high school, no diploma",None
5/29/2016 0:01:52,Male,Straight,18,"$1 to $10,000",White non-Hispanic,Normal weight,Yes,No,No,30,Yes,No,"Set me up with a date, I don't want help",No,A student,Warehouse Associate,Bachelor’s degree,Joined a gym/go to the gym
5/29/2016 6:10:45,Male,Straight,24,"$75,000 to $99,999",White non-Hispanic,Normal weight,No,No,No,11,Yes,No,I don't want help,No,Employed for wages,Terminal worker ,"Some high school, no diploma","Joined a gym/go to the gym, Therapy, Other exercise, join clubs/socual clubs/meet ups"
5/29/2016 9:54:55,Male,Bisexual,23,"$40,000 to $49,999",White non-Hispanic,Overweight,Yes,Yes,No,10,Yes,Yes,"wingman/wingwoman, Set me up with a date, date coaching",No,Employed for wages,PA,Bachelor’s degree,"Joined a gym/go to the gym, Other exercise"
5/29/2016 12:25:01,Male,Straight,28,"$20,000 to $29,999",Black,Normal weight,No,No,No,1,Yes,No,I don't want help,No,Employed for wages,Case Worker,Bachelor’s degree,"Joined a gym/go to the gym, Other exercise"
5/29/2016 12:40:43,Male,Straight,18,"$1 to $10,000",Asian,Overweight,Yes,No,Yes but I haven't,5,Yes,Yes,"wingman/wingwoman, Set me up with a date, date coaching",Yes,Employed for wages,Home Depot order fulfillment,"High school graduate, diploma or the equivalent (for example: GED)",Started losing weight
5/29/2016 15:41:59,Male,Straight,18,$0,White non-Hispanic,Normal weight,Yes,Yes,Yes but I haven't,6,No,No,I don't want help,No,A student,erdet,"Some high school, no diploma",Joined a gym/go to the gym
5/30/2016 14:48:53,Transgender male,Bisexual,12,$0,White non-Hispanic,Obese,No,No,Yes and I have,0.5,Yes,No,"wingman/wingwoman, Set me up with a date, date coaching, I don't want help",Yes,A student,Boss,"Some high school, no diploma","Cosmetic surgery, Joined a gym/go to the gym, Therapy, Other exercise, join clubs/socual clubs/meet ups, None"
6/2/2016 05:04,Female,Straight,26,"$10,000 to $19,999",White non-Hispanic,Overweight,Yes,No,Yes but I haven't,10,Yes,No,"Set me up with a date, date coaching",No,Employed for wages,Consultant IT,Master’s degree,Joined a gym/go to the gym
6/3/2016 19:25,Male,Straight,31,"$30,000 to $39,999",White non-Hispanic,Normal weight,No,No,Yes but I haven't,10,No,No,I don't want help,No,Employed for wages,castor,"High school graduate, diploma or the equivalent (for example: GED)","Other exercise, join clubs/socual clubs/meet ups"
6/6/2016 01:36,Female,Straight,17,"$1 to $10,000",Asian,Normal weight,Yes,No,No,20,Yes,Yes,wingman/wingwoman,Yes,Employed for wages,receptionist ,"Some high school, no diploma","Joined a gym/go to the gym, Other exercise, join clubs/socual clubs/meet ups"
8/14/2016 15:10:41,Male,Straight,18,$0,Asian,Obese,Yes,No,No,16,Yes,Yes,Set me up with a date,No,Out of work but not currently looking for work,Student,"High school graduate, diploma or the equivalent (for example: GED)","Joined a gym/go to the gym, Therapy"
9/4/2016 23:10,Male,Straight,28,"$40,000 to $49,999",White non-Hispanic,Normal weight,Yes,No,Yes but I haven't,3,Yes,Yes,"wingman/wingwoman, Set me up with a date, date coaching",No,Employed for wages,Scientist,Master’s degree,Therapy